-8.3942,-8.321,-8.9254
-3.4331,-8.3959,-9.2484
-8.542,-7.4039,-3.0468
-8.3942,-8.321,2.5842
-2.8589,-8.7113,-3.5938
-3.4331,-8.3959,2.2612
-8.542,-7.4039,8.4629
-2.8589,-8.7113,7.9159
8.8245,-8.6053,-9.028
3.1344,-8.7333,-3.2624
9.6009,-7.9986,-2.1654
8.8245,-8.6053,2.4816
3.1344,-8.7333,8.2473
9.6009,-7.9986,9.3443
2.3603,-7.6764,-8.6587
-2.5993,-2.0945,-8.8937
9.5021,-2.093,-8.6357
3.6296,2.9805,-8.6977
2.7917,-1.9658,-9.3957
-2.8305,3.0498,-9.2527
8.5906,2.9055,-9.0207
-7.9903,-2.3971,-8.3017
-8.5206,2.9218,-3.487
-2.7464,-2.8157,-2.425
8.9081,-2.3476,-4.112
3.4818,3.8976,-2.819
2.3603,-7.6764,2.851
-2.5993,-2.0945,2.616
9.5021,-2.093,2.874
3.6296,2.9805,2.812
2.1086,-2.9585,-3.289
-2.0541,3.6564,-2.39
9.1648,2.5901,-3.366
-8.4414,-2.4621,-2.142
2.7917,-1.9658,2.114
-2.8305,3.0498,2.257
8.5906,2.9055,2.489
-7.9903,-2.3971,3.208
-8.5206,2.9218,8.0227
-2.7464,-2.8157,9.0847
8.9081,-2.3476,7.3977
3.4818,3.8976,8.6907
2.1086,-2.9585,8.2207
-2.0541,3.6564,9.1197
9.1648,2.5901,8.1437
-8.4414,-2.4621,9.3677
-9.2947,3.9787,-8.8833
-2.1529,9.562,-8.8603
-8.8634,9.6893,-9.6203
-2.7469,9.3074,-4.3366
-9.2947,3.9787,2.6264
-2.1529,9.562,2.6494
-9.5464,8.6965,-3.5136
-8.8634,9.6893,1.8894
-2.7469,9.3074,7.173
-9.5464,8.6965,7.996
9.4244,9.207,-8.6659
4.0335,8.9043,-8.0739
9.2774,8.4857,-2.1972
9.4244,9.207,2.8438
3.5823,8.8393,-1.9142
4.0335,8.9043,3.4358
9.2774,8.4857,9.3124
3.5823,8.8393,9.5954
-9.8706,-7.9929,-8.9454
-4.2017,-8.0021,-3.5858
-8.8686,-2.7935,-3.6778
-9.3438,-8.6484,-3.0378
-9.8706,-7.9929,2.5642
-4.2017,-8.0021,7.9239
-8.8686,-2.7935,7.8319
-9.3438,-8.6484,8.4719
8.4617,-8.2298,-7.629
3.0559,-8.8202,-9.042
8.5558,-3.8224,-8.789
9.2339,-8.7644,-3.3354
8.4617,-8.2298,3.8806
3.2772,-9.5988,-2.0624
3.0559,-8.8202,2.4676
8.5558,-3.8224,2.7206
9.2339,-8.7644,8.1743
3.2772,-9.5988,9.4473
-1.7437,-8.2237,-8.5957
-9.2094,-1.6603,-8.7757
4.0036,-2.8044,-9.1707
-3.1933,3.4252,-7.8537
-2.9981,-3.5313,-8.7757
-8.5991,2.8348,-9.2667
2.1531,3.3086,-8.7177
-3.0992,7.8326,-9.0137
7.822,3.2994,-3.358
3.1551,8.5079,-3.45
3.3531,-2.1553,-3.086
-2.4211,2.8907,-3.56
-1.7437,-8.2237,2.914
-9.2094,-1.6603,2.734
4.0036,-2.8044,2.339
-3.1933,3.4252,3.656
-2.7605,-4.0687,-3.297
-8.3778,2.0563,-2.287
2.6799,2.6531,-2.81
8.4605,-2.3964,-2.686
-2.9981,-3.5313,2.734
-8.5991,2.8348,2.243
2.1531,3.3086,2.792
-3.0992,7.8326,2.496
7.822,3.2994,8.1517
3.1551,8.5079,8.0597
3.3531,-2.1553,8.4237
-2.4211,2.8907,7.9497
-2.7605,-4.0687,8.2127
-8.3778,2.0563,9.2227
2.6799,2.6531,8.6997
8.4605,-2.3964,8.8237
-7.6514,8.8506,-9.3953
-8.3019,9.4998,-3.3106
-7.6514,8.8506,2.1144
-3.1945,9.2586,-2.9106
-8.3019,9.4998,8.199
-3.1945,9.2586,8.599
10.28,3.0778,-8.3679
2.8144,9.6411,-8.5479
9.0256,7.7701,-8.5479
10.28,3.0778,3.1418
2.8144,9.6411,2.9618
9.2632,7.2327,-3.0692
9.0256,7.7701,2.9618
9.2632,7.2327,8.4404
-8.962,-11.065,-12.516
-3.2471,-11.368,-12.178
-8.8778,-5.1008,-11.284
-3.1793,-10.657,-6.2554
-8.7378,-5.0881,-6.2894
-11.488,-8.135,-12.29
-12.054,-8.065,-6.3954
-6.0897,-7.7687,-11.765
-11.478,-2.4513,-11.406
-6.0777,-8.7056,-6.3054
-11.506,-2.3523,-6.8174
-6.2432,-11.117,-9.4474
-11.769,-4.8682,-9.4314
-11.318,-10.802,-9.1794
-6.3436,-5.0117,-9.0804
-8.962,-11.065,-1.0068
-9.1508,-10.943,-5.5898
-3.2471,-11.368,-0.66875
-8.8778,-5.1008,0.22525
-3.1793,-10.657,5.2542
-8.7378,-5.0881,5.2202
-11.488,-8.135,-0.78075
-12.054,-8.065,5.1142
-6.0897,-7.7687,-0.25575
-11.478,-2.4513,0.10325
-6.0777,-8.7056,5.2042
-11.506,-2.3523,4.6922
-6.0551,-11.552,-3.2308
-11.95,-4.3506,-3.5208
-6.2432,-11.117,2.0622
-11.769,-4.8682,2.0782
-6.4921,-4.9325,-3.6498
-11.318,-10.802,2.3302
-6.3436,-5.0117,2.4292
-8.962,-11.065,10.503
-9.1508,-10.943,5.9199
-3.2471,-11.368,10.841
-8.8778,-5.1008,11.735
-11.488,-8.135,10.729
-6.0897,-7.7687,11.254
-11.478,-2.4513,11.613
-6.0551,-11.552,8.2789
-11.95,-4.3506,7.9889
-6.4921,-4.9325,7.8599
2.5383,-11.282,-10.971
9.1087,-5.0754,-11.664
2.8395,-11.271,-6.249
9.0295,-5.6199,-5.995
8.6145,-11.21,-11.901
8.8803,-10.937,-6.028
12.191,-8.4886,-11.838
11.625,-8.4186,-5.943
6.3793,-8.3804,-11.682
12.201,-2.8049,-10.954
12.173,-2.7059,-6.365
5.7981,-10.366,-8.684
11.91,-5.2218,-8.979
5.9975,-6.112,-8.604
12.361,-11.156,-8.727
2.5383,-11.282,0.53862
9.1087,-5.0754,-0.15438
2.8395,-11.271,5.2606
9.0295,-5.6199,5.5146
8.6145,-11.21,-0.39138
8.8803,-10.937,5.4816
12.191,-8.4886,-0.32838
11.625,-8.4186,5.5666
6.3793,-8.3804,-0.17238
12.201,-2.8049,0.55562
5.9133,-8.6427,-5.5004
12.173,-2.7059,5.1446
6.1502,-11.387,-3.0254
11.729,-4.7042,-3.0684
5.7981,-10.366,2.8256
11.91,-5.2218,2.5306
10.581,-11.301,-3.2184
0.70618,-11.654,-2.7874
5.9975,-6.112,2.9056
12.361,-11.156,2.7826
2.5383,-11.282,12.048
9.1087,-5.0754,11.355
8.6145,-11.21,11.118
12.191,-8.4886,11.181
6.3793,-8.3804,11.337
12.201,-2.8049,12.065
5.9133,-8.6427,6.0093
6.1502,-11.387,8.4843
11.729,-4.7042,8.4413
10.581,-11.301,8.2913
0.70618,-11.654,8.7223
-2.757,-5.6646,-11.472
-9.1167,0.37265,-11.196
3.0618,0.23617,-12.289
-2.5463,6.5796,-11.889
-2.5944,-6.3958,-5.9337
-8.8155,0.38396,-6.4737
-2.6255,6.0352,-6.2197
3.2994,-5.8973,-11.392
-3.0406,0.44548,-12.126
8.7766,-0.066468,-11.951
3.1459,6.2006,-11.057
3.3156,-4.5516,-6.6337
-2.7747,0.71842,-6.2527
8.8445,0.64488,-6.0277
3.2859,6.2133,-6.0617
-0.24466,-8.4259,-11.527
-5.91,-2.4494,-11.196
6.0465,-2.5378,-11.52
0.53599,3.1664,-12.063
-5.0912,-2.6559,-6.1597
6.4721,-2.6891,-6.4667
-0.030406,3.2364,-6.1677
0.13506,-2.6113,-11.561
-5.2757,3.2746,-11.907
5.934,3.5327,-11.538
0.54589,8.8501,-11.179
5.9461,2.5958,-6.0777
0.5176,8.9491,-6.5897
0.22415,-5.3224,-8.7967
-5.857,1.2891,-8.9087
5.7806,0.18455,-9.2197
0.25456,6.4333,-9.2037
-5.6576,5.543,-8.8287
0.70569,0.49922,-8.9517
0.29557,-10.895,-8.8647
5.6802,6.2897,-8.8527
-2.757,-5.6646,0.038
-9.1167,0.37265,0.314
3.0618,0.23617,-0.779
-2.5463,6.5796,-0.379
-2.5944,-6.3958,5.576
-8.8155,0.38396,5.036
2.873,0.3585,-5.362
-2.6255,6.0352,5.29
3.2994,-5.8973,0.118
-3.0406,0.44548,-0.616
8.7766,-0.066468,-0.441
3.1459,6.2006,0.453
3.3156,-4.5516,4.876
-2.7747,0.71842,5.257
8.8445,0.64488,5.482
3.2859,6.2133,5.448
-0.24466,-8.4259,-0.017
-5.91,-2.4494,0.314
6.0465,-2.5378,-0.01
0.53599,3.1664,-0.553
0.098288,-8.4223,-5.782
-5.0912,-2.6559,5.35
6.4721,-2.6891,5.043
-0.030406,3.2364,5.342
0.13506,-2.6113,-0.051
-5.2757,3.2746,-0.397
5.934,3.5327,-0.028
0.54589,8.8501,0.331
-0.70923,-2.7853,-5.653
-5.7417,3.0123,-5.725
5.9461,2.5958,5.432
0.5176,8.9491,4.92
-0.10607,-5.8548,-2.996
-5.5048,0.26799,-3.25
5.9687,-0.25102,-3.003
0.073539,6.9509,-3.293
0.22415,-5.3224,2.713
-5.857,1.2891,2.601
5.7806,0.18455,2.29
0.25456,6.4333,2.306
5.5989,-4.2709,-2.911
-1.0741,0.35426,-3.443
-10.949,0.0014142,-3.012
5.5317,6.3689,-3.422
-5.6576,5.543,2.681
0.70569,0.49922,2.558
0.29557,-10.895,2.645
5.6802,6.2897,2.657
-2.757,-5.6646,11.548
-9.1167,0.37265,11.824
3.0618,0.23617,10.731
-2.5463,6.5796,11.131
2.873,0.3585,6.1477
3.2994,-5.8973,11.628
-3.0406,0.44548,10.894
8.7766,-0.066468,11.069
3.1459,6.2006,11.963
-0.24466,-8.4259,11.493
-5.91,-2.4494,11.824
6.0465,-2.5378,11.5
0.53599,3.1664,10.957
0.098288,-8.4223,5.7277
0.13506,-2.6113,11.459
-5.2757,3.2746,11.113
5.934,3.5327,11.482
0.54589,8.8501,11.841
-0.70923,-2.7853,5.8567
-5.7417,3.0123,5.7847
-0.10607,-5.8548,8.5137
-5.5048,0.26799,8.2597
5.9687,-0.25102,8.5067
0.073539,6.9509,8.2167
5.5989,-4.2709,8.5987
-1.0741,0.35426,8.0667
-10.949,0.0014142,8.4977
5.5317,6.3689,8.0877
-8.5932,11.891,-12.513
-8.3557,5.7578,-11.616
-2.8784,11.589,-12.175
-8.3394,7.1034,-6.8583
-2.8105,12.3,-6.2523
-11.9,3.2291,-11.751
-5.6086,9.1172,-11.744
-5.1829,8.9659,-6.6913
-11.52,9.0437,-11.785
-11.431,6.3326,-9.0213
-5.8744,11.84,-9.4443
-10.949,12.154,-9.1763
-11.359,0.75992,-9.0893
-8.5932,11.891,-1.0036
-8.782,12.014,-5.5866
-8.3557,5.7578,-0.10662
-2.8784,11.589,-0.66562
-8.3394,7.1034,4.6514
-2.8105,12.3,5.2574
-11.9,3.2291,-0.24162
-5.6086,9.1172,-0.23462
-11.557,3.2327,-6.0066
-5.1829,8.9659,4.8184
-11.52,9.0437,-0.27562
-12.364,8.8697,-5.8776
-11.761,5.8002,-3.2206
-5.6863,11.404,-3.2276
-11.431,6.3326,2.4884
-5.8744,11.84,2.0654
-6.0561,7.3841,-3.1356
-12.729,12.009,-3.6676
-10.949,12.154,2.3334
-11.359,0.75992,2.4204
-8.5932,11.891,10.506
-8.782,12.014,5.923
-8.3557,5.7578,11.403
-2.8784,11.589,10.844
-11.9,3.2291,11.268
-5.6086,9.1172,11.275
-11.557,3.2327,5.503
-11.52,9.0437,11.234
-12.364,8.8697,5.632
-11.761,5.8002,8.289
-5.6863,11.404,8.282
-6.0561,7.3841,8.374
-12.729,12.009,7.842
12.73,-0.35217,-2.5596
12.73,-0.35217,8.95
9.2667,5.6368,-11.244
2.907,11.674,-10.968
9.4294,4.9057,-5.7059
3.2083,11.685,-6.2459
8.9832,11.747,-11.898
9.2491,12.02,-6.0249
11.779,2.8755,-11.299
6.1138,8.852,-10.968
6.9326,8.6455,-5.9319
12.159,8.6901,-11.333
12.248,5.979,-8.5689
6.1668,12.59,-8.6809
12.729,11.801,-8.7239
12.319,0.40633,-8.6369
9.2667,5.6368,0.26575
2.907,11.674,0.54175
9.4294,4.9057,5.8038
3.2083,11.685,5.2638
8.9832,11.747,-0.38825
9.2491,12.02,5.4848
11.779,2.8755,0.21075
6.1138,8.852,0.54175
12.122,2.8791,-5.5542
6.9326,8.6455,5.5778
12.159,8.6901,0.17675
11.315,8.5161,-5.4252
11.918,5.4466,-2.7682
6.5189,11.569,-3.0222
12.248,5.979,2.9408
6.1668,12.59,2.8288
10.95,11.656,-3.2152
1.0749,11.303,-2.7842
12.729,11.801,2.7858
12.319,0.40633,2.8728
9.2667,5.6368,11.775
2.907,11.674,12.051
8.9832,11.747,11.121
11.779,2.8755,11.72
6.1138,8.852,12.051
12.122,2.8791,5.9554
12.159,8.6901,11.686
11.315,8.5161,6.0844
11.918,5.4466,8.7414
6.5189,11.569,8.4874
10.95,11.656,8.2944
1.0749,11.303,8.7254
0.66431,12.061,-8.8615
0.66431,12.061,2.6481
1.2984,10.866,8.9484
6.2149,5.6509,8.6884
0,0,0
-0.042426,0.18102,5.572
-5.63,0.13294,-0.223
0.1096,-5.6561,-0.122
-0.042426,0.18102,-5.9377
5.9588,0.67529,-0.4
0.38537,6.3095,-0.451
-5.6378,0.24395,5.31
0.91712,-5.42,5.571
-6.2849,-5.0138,-0.42375
0.91712,-5.42,-5.9387
6.1023,-5.3316,-0.378
6.0486,0.10324,5.719
6.0486,0.10324,-5.7907
-5.6378,0.24395,-6.1997
0.42992,6.2423,5.613
-5.5527,6.3234,-0.60262
5.7389,6.2876,-0.196
0.42992,6.2423,-5.8967
-5.5826,5.7848,5.26
-6.0388,-5.7068,4.9922
5.985,5.5946,5.22
6.0724,-5.8702,5.4846
-5.5826,5.7848,-6.2497
5.985,5.5946,-6.2897
6.0724,-5.8702,-6.025
-6.0388,-5.7068,-6.5174
-0.2185,11.426,-0.165
11.437,-0.22888,0.059623
0,0,-11.51
0,0,11.51
-0.58723,-11.53,-0.16813
-12.242,0.12471,-0.39275
-6.065,-10.626,-0.62775
0.24749,-11.031,5.7437
0.24749,-11.031,-5.766
-5.63,0.13294,11.287
5.9588,0.67529,11.11
-11.638,-4.9919,-0.67875
-11.408,0.62416,5.519
0.1096,-5.6561,11.388
0.38537,6.3095,11.059
-11.408,0.62416,-5.9906
0.1096,-5.6561,-11.632
6.025,-11.522,0.001623
-5.63,0.13294,-11.733
-11.545,5.9989,-0.34662
6.3938,11.434,0.004752
12.04,-5.3455,-0.22638
0.61623,11.926,5.7468
0.61623,11.926,-5.7629
5.9588,0.67529,-11.91
12.133,5.6453,0.10575
12.271,0.27057,-5.5382
-10.738,6.235,5.3464
0.38537,6.3095,-11.961
-5.6962,12.33,-0.62462
12.271,0.27057,5.9714
-6.2849,-5.0138,11.086
-11.594,-5.0591,5.3852
6.1023,-5.3316,11.132
-5.5527,6.3234,10.907
-5.9752,-11.198,5.4912
-10.738,6.235,-6.1633
6.0173,-11.411,5.5346
-5.9752,-11.198,-6.0184
-11.594,-5.0591,-6.1244
-5.6064,11.758,5.4944
5.7389,6.2876,11.314
6.0173,-11.411,-5.975
6.386,11.545,5.5378
-5.6064,11.758,-6.0153
6.1023,-5.3316,-11.888
-6.2849,-5.0138,-11.933
12.085,-5.4127,-5.672
12.085,-5.4127,5.8376
5.7389,6.2876,-11.706
6.386,11.545,-5.9719
-5.5527,6.3234,-12.112
12.941,5.8815,-5.7109
12.941,5.8815,5.7988
-0.2185,11.426,11.345
-0.58723,-11.53,11.342
11.437,-0.22888,-11.45
11.437,-0.22888,11.569
-0.2185,11.426,-11.675
-6.065,-10.626,10.882
-0.58723,-11.53,-11.678
11.655,-11.655,0.22462
-11.655,11.655,-0.22462
-12.024,-11.301,-0.22775
12.024,11.301,0.22775
-12.242,0.12471,11.117
-11.638,-4.9919,10.831
-12.242,0.12471,-11.902
-11.545,5.9989,11.163
-6.065,-10.626,-12.137
-12.066,-11.12,5.3442
11.613,-11.474,-5.713
11.613,-11.474,5.7966
12.04,-5.3455,11.283
6.025,-11.522,-11.508
6.025,-11.522,11.511
-5.6962,12.33,10.885
6.3938,11.434,-11.505
6.3938,11.434,11.514
-11.697,11.836,5.3474
-12.066,-11.12,-6.1654
11.981,11.482,-5.7099
-11.638,-4.9919,-12.188
11.981,11.482,5.7998
12.133,5.6453,-11.404
-11.545,5.9989,-11.856
12.04,-5.3455,-11.736
12.133,5.6453,11.615
-11.697,11.836,-6.1623
-5.6962,12.33,-12.134
11.655,-11.655,-11.285
-11.655,11.655,11.285
-12.024,-11.301,11.282
12.024,11.301,-11.282
11.655,-11.655,11.734
-11.655,11.655,-11.734
-12.024,-11.301,-11.737
12.024,11.301,11.737
