-3.876,-10.585,-9.6828
-9.2585,-4.2451,-9.1888
-8.5011,-10.42,-9.9558
-3.8764,-10.584,3.4945
-9.2589,-4.2438,3.9885
-8.5016,-10.419,3.2215
-3.1608,-10.468,-3.5335
-9.8946,-3.9263,-3.5615
-8.7441,-10.493,-3.9325
-3.1612,-10.466,9.6437
-9.895,-3.925,9.6157
-8.7445,-10.492,9.2447
9.6132,-9.7668,-9.1913
9.8281,-4.5512,-10.232
9.6128,-9.7655,3.9859
9.8277,-4.5499,2.9449
8.4057,-10.595,-3.2851
10.051,-3.5373,-3.3851
8.4053,-10.594,9.8921
10.051,-3.536,9.7921
8.7983,2.0875,-9.6832
3.4158,8.4274,-9.1892
3.8436,-3.6804,-10.286
-2.9892,2.837,-9.1932
2.3339,-9.782,-9.2672
-3.5613,-3.1656,-9.5962
-2.7743,8.0526,-10.234
4.1731,2.2522,-9.9562
8.7978,2.0888,3.494
3.4153,8.4287,3.988
3.8431,-3.6791,2.891
-2.9896,2.8383,3.984
2.3335,-9.7807,3.91
-3.5617,-3.1643,3.581
-2.7747,8.0539,2.943
4.1726,2.2535,3.221
2.926,-4.1847,-3.982
-4.1967,2.0089,-3.287
9.5134,2.2048,-3.534
2.7796,8.7462,-3.562
3.6098,-9.2921,-3.034
-3.8021,-2.4586,-3.309
-2.5512,9.0665,-3.387
3.9301,2.1793,-3.933
2.9256,-4.1833,9.1952
-4.1971,2.0102,9.8902
9.513,2.2061,9.6432
2.7792,8.7475,9.6152
3.6093,-9.2908,10.143
-3.8025,-2.4573,9.8682
-2.5517,9.0678,9.7902
3.9297,2.1806,9.2442
-8.7588,8.9235,-10.288
-10.269,2.8218,-9.2691
-8.7593,8.9248,2.8891
-10.269,2.8231,3.9081
-9.6764,8.4192,-3.9839
-8.9926,3.3118,-3.0359
-9.6768,8.4205,9.1933
-8.9931,3.3131,10.141
9.1129,9.5069,-9.5967
9.1125,9.5082,3.5805
8.8721,10.214,-3.3095
8.8717,10.215,9.8678
-10.417,-3.5373,-9.8238
-9.1913,-9.0909,-9.7868
-10.418,-3.536,3.3535
-9.1917,-9.0896,3.3905
-9.8734,-10.542,-2.9445
-9.8738,-10.541,10.233
8.7781,-10.128,-10.334
10.141,-4.1722,-8.8183
8.7777,-10.127,2.8429
10.14,-4.1709,4.3589
9.576,-9.7485,-3.7811
9.3745,-4.0896,-2.1541
9.5756,-9.7472,9.3961
9.374,-4.0883,11.023
3.7269,-2.7873,-9.1262
-3.8243,2.4757,-10.336
-2.4051,-10.397,-9.3802
2.2568,9.1352,-9.8242
-3.8335,-4.4617,-10.279
3.5756,-9.6137,-10.122
3.4829,3.5816,-9.7872
-2.4617,8.4316,-8.8202
3.7265,-2.786,4.051
-3.8247,2.477,2.841
-2.4056,-10.396,3.797
2.2564,9.1365,3.353
-3.8339,-4.4604,2.898
3.5751,-9.6124,3.055
3.4825,3.5829,3.39
-2.4621,8.433,4.357
-2.4678,-9.669,-2.442
-8.894,-3.6614,-2.469
3.4068,-3.3969,-2.768
-3.0264,2.8553,-3.783
-3.4698,-3.9195,-3.342
2.7231,-10.124,-3.91
2.8008,2.1305,-2.945
-3.2279,8.5143,-2.156
-2.4682,-9.6677,10.735
-8.8944,-3.6601,10.708
3.4064,-3.3956,10.409
-3.0269,2.8566,9.3942
-3.4702,-3.9182,9.8352
2.7226,-10.122,9.2672
2.8004,2.1318,10.232
-3.2284,8.5156,11.021
-8.8755,9.8165,-9.1281
-9.0268,2.9901,-10.124
-8.876,9.8178,4.0491
-9.0273,2.9914,3.0531
-9.1956,9.2069,-2.7699
-9.8793,2.4802,-3.9119
-9.196,9.2082,10.407
-9.8798,2.4815,9.2653
10.269,2.2753,-9.3807
8.8407,8.2108,-10.28
10.269,2.2766,3.7965
8.8403,8.2121,2.8975
10.206,3.0036,-2.4425
3.7802,9.0111,-2.4695
9.2044,8.753,-3.3425
10.206,3.0049,10.735
3.7798,9.0125,10.708
9.204,8.7544,9.8348
-6.1429,-13.183,-9.8728
-12.155,-6.5383,-9.5178
-5.9237,-7.3691,-9.5658
-0.81418,-13.751,-10.117
-12.23,-14.089,-10.042
-12.211,-10.198,-7.2538
-6.3706,-9.868,-13.154
-13.106,-3.8555,-13.358
-12.097,-10.067,-11.989
-9.699,-13.5,-13.453
-3.3852,-12.818,-13.289
-9.7145,-6.4916,-13.1
-13.016,-12.091,-3.1855
-6.1434,-13.182,3.3045
-12.156,-6.537,3.6595
-5.9242,-7.3678,3.6115
-0.81462,-13.75,3.0605
-12.23,-14.088,3.1355
-6.1448,-14.46,-3.1945
-12.327,-7.995,-3.2005
-9.4922,-13.78,-5.9565
-2.955,-13.389,-6.4085
-9.2603,-7.1995,-6.6075
-12.212,-10.196,5.9235
-6.3711,-9.8667,0.023461
-13.106,-3.8542,-0.18054
-5.8096,-10.195,-6.3155
-12.575,-4.2382,-6.6585
-12.097,-10.066,1.1885
-9.6994,-13.499,-0.27554
-3.3857,-12.817,-0.11154
-9.715,-6.4903,0.077461
-13.017,-12.09,9.9917
-6.1452,-14.459,9.9827
-12.327,-7.9937,9.9767
-9.4927,-13.779,7.2207
-2.9555,-13.388,6.7687
-9.2607,-7.1982,6.5697
-6.3715,-9.8654,13.201
-13.107,-3.8529,12.997
-5.8101,-10.194,6.8617
-12.576,-4.2368,6.5187
-12.098,-10.065,14.366
-9.6998,-13.498,12.902
-3.3861,-12.815,13.066
-9.7154,-6.489,13.255
-13.417,-1.1476,-10.119
-13.417,-1.1463,3.0586
6.4651,-12.389,-9.4243
13.121,-6.4696,-9.5163
13.047,-14.021,-10.04
6.4849,-7.7275,-9.7803
2.9904,-13.423,-7.4433
13.065,-10.129,-7.2523
5.5325,-9.9005,-13.129
12.171,-3.7868,-13.356
13.18,-9.9988,-11.987
3.0887,-13.082,-11.829
9.4435,-8.1787,-13.464
9.3883,-13.096,-12.556
12.26,-12.023,-3.1841
0.17429,-13.069,-3.1761
6.4647,-12.387,3.7529
13.121,-6.4683,3.6609
13.046,-14.019,3.1369
6.4845,-7.7262,3.3969
5.1382,-13.059,-2.7191
12.95,-7.9263,-3.1991
2.99,-13.421,5.7339
9.7033,-7.1026,-6.3041
9.7839,-12.225,-6.6331
13.065,-10.128,5.9249
5.532,-9.8992,0.047903
12.17,-3.7855,-0.1791
5.5158,-10.263,-6.0731
12.701,-4.1695,-6.6571
13.179,-9.9975,1.1899
3.0883,-13.081,1.3479
9.443,-8.1774,-0.2871
9.3879,-13.095,0.6209
12.26,-12.021,9.9931
0.17386,-13.068,10.001
5.1378,-13.058,10.458
12.949,-7.925,9.9781
9.7028,-7.1012,6.8731
9.7834,-12.224,6.5441
5.5316,-9.8978,13.225
12.17,-3.7842,12.998
5.5153,-10.262,7.1041
12.701,-4.1682,6.5201
13.179,-9.9961,14.367
9.4426,-8.176,12.89
9.3875,-13.093,13.798
-0.7095,-5.7444,-10.347
-6.1373,0.21506,-9.4262
6.5313,-0.51043,-9.8732
0.51874,6.1342,-9.5182
6.7505,5.3034,-9.5662
11.86,-1.0789,-10.117
0.4445,-1.4169,-10.042
-6.1175,4.8763,-9.7822
-9.612,-0.81873,-7.4452
3.1867,-6.4784,-7.0952
6.8933,-3.8367,-6.9932
0.46288,2.475,-7.2542
-0.2619,-3.3268,-14.456
-7.0699,2.7034,-13.131
6.3036,2.8045,-13.154
-0.43161,8.817,-13.358
-0.35312,-9.8244,-12.439
-6.6068,-3.551,-13.021
7.051,-3.7582,-12.693
0.57743,2.6051,-11.989
-3.7105,-6.5406,-13.684
-9.5137,-0.47861,-11.831
2.9752,-0.82792,-13.453
-3.1589,4.4252,-13.466
3.3875,-6.1164,-13.54
-3.2141,-0.49205,-12.558
9.289,-0.14557,-13.289
2.9597,6.1809,-13.1
-0.34224,0.58124,-3.186
6.5846,-6.2183,-3.297
-6.7274,-6.4955,-3.096
-12.428,-0.46528,-3.178
-0.70994,-5.7431,2.83
-6.1377,0.21637,3.751
6.5308,-0.50912,3.304
0.51831,6.1356,3.659
6.75,5.3047,3.611
11.86,-1.0776,3.06
0.44406,-1.4156,3.135
-6.1179,4.8776,3.395
0.26092,-7.7746,-2.992
-7.4642,-0.45538,-2.721
6.5294,-1.7876,-3.195
0.34719,4.6775,-3.201
-3.0137,-7.5618,-6.479
-9.6124,-0.81742,5.732
3.182,-1.1073,-5.957
-2.8991,5.5013,-6.306
3.1862,-6.4771,6.082
-2.8185,0.37901,-6.635
9.7192,-0.7163,-6.409
3.4139,5.473,-6.608
0.30618,-10.281,-6.712
-5.5614,-4.167,-6.377
6.8929,-3.8353,6.184
0.46245,2.4763,5.923
-0.26234,-3.3255,-1.279
-7.0704,2.7047,0.046
6.3031,2.8058,0.023
-0.43204,8.8183,-0.181
-0.76014,-3.812,-5.671
-7.0866,2.3405,-6.075
6.8646,2.4777,-6.316
0.098995,8.4344,-6.659
-0.35355,-9.8231,0.738
-6.6072,-3.5497,0.156
7.0506,-3.7569,0.484
0.577,2.6064,1.188
-3.7109,-6.5393,-0.507
-9.5141,-0.4773,1.346
2.9748,-0.82661,-0.276
-3.1594,4.4265,-0.289
3.387,-6.1151,-0.363
-3.2145,-0.49073,0.619
9.2886,-0.14425,-0.112
2.9592,6.1822,0.077
-0.34267,0.58256,9.9912
6.5841,-6.217,9.8802
-6.7278,-6.4942,10.081
-12.429,-0.46396,9.9992
0.26049,-7.7733,10.185
-7.4647,-0.45406,10.456
6.529,-1.7863,9.9822
0.34676,4.6788,9.9762
-3.0141,-7.5605,6.6982
3.1815,-1.106,7.2202
-2.8996,5.5026,6.8712
-2.819,0.38033,6.5422
9.7187,-0.71498,6.7682
3.4135,5.4743,6.5692
0.30574,-10.279,6.4652
-5.5618,-4.1657,6.8002
-0.26277,-3.3242,11.898
-7.0708,2.706,13.223
6.3027,2.8071,13.2
-0.43248,8.8196,12.996
-0.76057,-3.8107,7.5062
-7.0871,2.3418,7.1022
6.8642,2.479,6.8612
0.098561,8.4357,6.5182
-0.35399,-9.8218,13.915
-6.6076,-3.5484,13.333
7.0501,-3.7555,13.661
0.57657,2.6077,14.365
-3.7113,-6.538,12.67
2.9744,-0.82529,12.901
-3.1598,4.4278,12.888
3.3866,-6.1137,12.814
-3.2149,-0.48942,13.796
9.2881,-0.14293,13.065
2.9588,6.1836,13.254
-13.312,6.8594,-10.349
-6.0711,12.093,-9.8751
-0.74237,11.525,-10.119
-12.158,11.187,-10.044
-9.4157,6.1254,-7.0971
-5.7091,8.7672,-6.9951
-12.864,9.277,-14.458
-12.956,2.7794,-12.441
-5.5514,8.8457,-12.695
-9.6272,11.776,-13.455
-9.2149,6.4875,-13.542
-3.3134,12.458,-13.291
-12.945,13.185,-3.1879
-6.0178,6.3855,-3.2989
-13.312,6.8607,2.8281
-6.0716,12.095,3.3021
-0.74281,11.526,3.0581
-12.158,11.188,3.1331
-12.341,4.8292,-2.9939
-6.073,10.816,-3.1969
-9.4204,11.497,-5.9589
-9.4162,6.1267,6.0801
-2.8832,11.888,-6.4109
-12.296,2.3232,-6.7139
-5.7095,8.7685,6.1821
-12.865,9.2783,-1.2809
-13.363,8.7918,-5.6729
-12.956,2.7807,0.7361
-5.5518,8.847,0.4821
-9.6276,11.777,-0.2779
-9.2154,6.4888,-0.3649
-3.3138,12.46,-0.1139
-12.945,13.186,9.9893
-6.0183,6.3869,9.8783
-12.342,4.8305,10.183
-6.0734,10.818,9.9803
-9.4209,11.498,7.2183
-2.8837,11.889,6.7663
-12.297,2.3245,6.4633
-12.865,9.2796,11.896
-13.363,8.7932,7.5043
-12.956,2.782,13.913
-5.5523,8.8483,13.659
-9.628,11.779,12.899
-9.2158,6.4901,12.812
-3.3143,12.461,13.063
12.849,-0.39659,-3.1766
12.848,-0.39527,10.001
11.965,6.9281,-10.348
6.537,12.888,-9.4267
13.119,11.256,-10.043
3.0622,11.854,-7.4457
12.412,9.3457,-14.457
12.321,2.8481,-12.44
6.0674,9.1215,-13.022
8.9637,6.1319,-13.685
3.1605,12.194,-11.832
9.4601,12.18,-12.559
12.332,13.254,-3.1865
5.9468,6.1771,-3.0965
0.2461,12.207,-3.1785
11.964,6.9294,2.8295
6.5365,12.889,3.7505
13.118,11.257,3.1345
12.935,4.8979,-2.9925
5.21,12.217,-2.7215
9.6605,5.1107,-6.4795
3.0618,11.855,5.7315
9.8557,13.052,-6.6355
12.98,2.3919,-6.7125
7.1128,8.5056,-6.3775
12.412,9.347,-1.2795
11.914,8.8605,-5.6715
12.321,2.8494,0.73754
6.067,9.1229,0.15554
8.9633,6.1332,-0.50746
3.1601,12.195,1.3455
9.4597,12.182,0.61854
12.332,13.255,9.9908
5.9464,6.1784,10.081
0.24567,12.209,9.9988
12.935,4.8992,10.185
5.2096,12.218,10.456
9.6601,5.112,6.6978
9.8552,13.053,6.5418
12.98,2.3932,6.4648
7.1124,8.5069,6.7998
12.411,9.3483,11.898
11.914,8.8618,7.5058
12.32,2.8507,13.915
6.0666,9.1242,13.333
8.9629,6.1345,12.67
9.4593,12.183,13.796
9.682,6.2059,12.976
3.2035,11.829,14.481
9.6283,11.99,13.677
0,0,0
-0.095459,5.7028,0.168
0.1591,-6.0069,0.109
0.18314,-0.56498,5.999
6.3293,-0.52962,0.272
-6.6447,-0.46457,0.248
0.18357,-0.56629,-7.1782
0.18809,5.258,-6.25
-6.0507,5.8881,-0.436
6.1653,5.9206,0.621
0.18766,5.2594,6.9272
6.4453,-0.80822,-6.11
-0.14354,-6.7988,-5.897
-6.5959,-0.59821,-6.46
6.5517,-6.7158,-0.4341
-6.5089,-6.7519,0.62146
-6.5963,-0.5969,6.7172
6.4448,-0.80691,7.0672
-0.14398,-6.7975,7.2802
6.412,5.3669,-6.02
-6.2834,5.258,6.341
-6.2829,5.2567,-6.8362
6.4116,5.3683,7.1572
-6.2622,-7.3056,-6.0195
6.3191,-7.3458,6.3429
6.3195,-7.3471,-6.8343
-6.2626,-7.3043,7.1577
0.20792,12.176,0.34554
-12.466,-0.49639,0.346
12.81,-0.4277,0.34744
0.16617,11.473,-6.097
0.13611,-13.1,0.3479
-0.00043346,0.0013159,13.177
0.00043346,-0.0013159,-13.177
0.16574,11.474,7.0802
-6.2731,12.074,0.2701
6.0295,12.208,0.24754
-12.508,-1.1997,-6.0965
-12.443,6.597,0.1071
12.769,-1.131,-6.0951
-0.095026,5.7015,-13.009
12.507,-6.901,0.1699
5.9577,-13.068,0.2499
6.3297,-0.53094,-12.905
0.15953,-6.0082,-13.068
-12.508,-1.1984,7.0807
12.833,6.6657,0.10854
-0.095893,5.7041,13.345
-6.6442,-0.46589,-12.929
-12.77,-6.9697,0.16846
0.15867,-6.0056,13.286
-6.1571,11.796,-6.1119
12.768,-1.1297,7.0821
-6.3449,-13.202,0.27246
6.3289,-0.52831,13.449
6.0783,12.074,-6.4605
-6.6451,-0.46325,13.425
12.531,5.8737,-5.8975
-6.1576,11.797,7.0653
0.094362,-13.804,-6.0946
6.0779,12.076,6.7168
6.1657,5.9193,-12.556
-12.746,5.805,-5.8989
-6.0511,5.8894,12.741
0.093929,-13.802,7.0826
12.53,5.875,7.2798
-6.5085,-6.7532,-12.556
-12.746,5.8063,7.2783
-12.486,-7.4145,-6.2495
6.5513,-6.7145,12.743
6.0065,-13.202,-6.4581
6.0061,-13.201,6.7191
-6.0503,5.8868,-13.613
12.79,-7.3458,-6.2481
-6.2289,-13.481,-6.1095
-12.487,-7.4132,6.9277
6.1648,5.9219,13.798
12.79,-7.3445,6.9291
-6.2294,-13.479,7.0677
6.5521,-6.7171,-13.611
-6.5094,-6.7506,13.799
0.20835,12.175,-12.832
12.602,-12.604,0.001903
-12.602,12.604,-0.001903
-12.466,-0.4977,-12.831
-12.674,-12.673,0.000461
12.674,12.673,-0.000461
12.811,-0.42902,-12.83
0.20748,12.177,13.523
-12.419,12.039,5.9971
0.13654,-13.102,-12.829
-12.467,-0.49507,13.523
12.81,-0.42639,13.525
12.857,12.108,5.9985
-12.419,12.038,-7.1801
-6.2727,12.073,-12.907
6.03,12.207,-12.93
0.13568,-13.099,13.525
12.858,12.106,-7.1787
6.0291,12.209,13.425
-6.2735,12.076,13.447
-12.491,-13.238,5.9995
-12.443,6.5957,-13.07
12.786,-13.169,6.0009
12.507,-6.9023,-13.007
5.9582,-13.07,-12.927
-12.444,6.5983,13.284
12.834,6.6643,-13.069
-12.769,-6.971,-13.009
-6.3445,-13.203,-12.905
12.507,-6.8997,13.347
-12.491,-13.239,-7.1778
12.833,6.667,13.286
5.9573,-13.067,13.427
12.786,-13.17,-7.1763
-12.77,-6.9684,13.346
-6.3453,-13.201,13.45
12.603,-12.605,-13.175
-12.603,12.605,13.175
12.602,-12.603,13.179
-12.602,12.603,-13.179
-12.675,-12.671,13.178
12.675,12.671,-13.178
-12.674,-12.674,-13.177
12.674,12.674,13.177
