-10.474,-8.0254,-8.9518
-9.3672,-7.7171,-3.2468
-4.0426,-8.5572,-3.8568
-10.002,-3.2963,-3.5088
-10.474,-8.0254,2.5579
-9.3672,-7.7171,8.2629
-4.0426,-8.5572,7.6529
-10.002,-3.2963,8.0009
2.3028,-8.7729,-8.8384
8.4532,-8.4702,-8.5204
8.7912,-9.2777,-3.1254
2.3028,-8.7729,2.6713
8.4532,-8.4702,2.9893
8.7912,-9.2777,8.3843
-9.3522,2.8822,-9.063
-3.7887,-2.5484,-8.6
8.2894,-1.9113,-9.398
1.5493,3.276,-8.724
2.4134,-8.0702,-2.954
-3.6126,-2.4756,-3.39
8.2972,-1.8823,-2.723
2.6566,3.5843,-3.019
1.8257,-2.7676,-8.971
-3.2018,3.1848,-8.745
-3.2654,-8.4782,-8.457
-8.6833,-3.2428,-8.404
2.5477,-2.9423,-1.864
-2.8638,2.3773,-3.35
7.9811,2.7443,-3.629
2.0216,8.0052,-3.281
-9.3522,2.8822,2.4467
-3.7887,-2.5484,2.9097
8.2894,-1.9113,2.1117
1.5493,3.276,2.7857
2.4134,-8.0702,8.5557
-3.6126,-2.4756,8.1197
8.2972,-1.8823,8.7867
2.6566,3.5843,8.4907
1.8257,-2.7676,2.5387
-3.2018,3.1848,2.7647
-3.2654,-8.4782,3.0527
-8.6833,-3.2428,3.1057
2.5477,-2.9423,9.6457
-2.8638,2.3773,8.1597
7.9811,2.7443,7.8807
2.0216,8.0052,8.2287
-3.3656,9.7437,-9.6226
-9.2417,3.5848,-3.1786
-3.3578,9.7727,-2.9476
-9.8293,8.8874,-9.1956
-9.1073,8.7127,-2.0886
-3.3656,9.7437,1.887
-9.2417,3.5848,8.331
-3.3578,9.7727,8.562
-9.8293,8.8874,2.314
-9.1073,8.7127,9.421
8.2351,8.753,-8.3722
8.4112,8.8259,-3.1622
8.7583,2.8232,-8.2292
3.3405,8.0586,-8.1762
8.2351,8.753,3.1374
8.4112,8.8259,8.3474
8.7583,2.8232,3.2804
3.3405,8.0586,3.3334
-4.9845,-8.0367,-9.3708
-10.233,-2.6358,-9.4978
-11.008,-2.2625,-3.1018
-9.5758,-8.4673,-7.8438
-9.3085,-8.596,-2.0388
-4.9845,-8.0367,2.1389
-10.233,-2.6358,2.0119
-11.008,-2.2625,8.4079
-9.5758,-8.4673,3.6659
-9.3085,-8.596,9.4709
8.8867,-9.5203,-7.5874
8.0021,-9.1123,-1.8774
2.0766,-9.7458,-7.7224
3.273,-8.6145,-1.9864
8.0502,-3.6053,-3.1824
8.8867,-9.5203,3.9223
8.0021,-9.1123,9.6323
2.0766,-9.7458,3.7873
3.273,-8.6145,9.5233
8.0502,-3.6053,8.3273
7.0392,3.2647,-9.143
1.7911,8.6656,-9.27
3.1975,-2.2642,-8.786
-2.7683,2.1348,-7.812
-2.7422,-8.3721,-2.604
1.0161,9.0389,-2.874
3.3786,-2.8214,-3.1
-3.6529,2.5428,-2.102
-3.1961,-3.4705,-9.624
-9.5785,1.9092,-7.947
2.448,2.8341,-7.616
8.4379,-2.4671,-8.023
-3.4705,-3.7774,-2.671
-8.382,3.0406,-2.211
2.7153,2.7054,-1.811
-3.6048,8.0497,-3.407
7.0392,3.2647,2.3667
1.7911,8.6656,2.2397
3.1975,-2.2642,2.7237
-2.7683,2.1348,3.6977
-2.7422,-8.3721,8.9057
1.0161,9.0389,8.6357
3.3786,-2.8214,8.4097
-3.6529,2.5428,9.4077
-3.1961,-3.4705,1.8857
-9.5785,1.9092,3.5627
2.448,2.8341,3.8937
8.4379,-2.4671,3.4867
-3.4705,-3.7774,8.8387
-8.382,3.0406,9.2987
2.7153,2.7054,9.6987
-3.6048,8.0497,8.1027
-8.4575,9.3909,-9.0106
-8.2765,8.8337,-3.3246
-3.2171,9.1879,-8.2476
-8.4575,9.3909,2.499
-8.2765,8.8337,8.185
-3.2171,9.1879,3.262
9.2816,2.9293,-2.3762
8.8276,7.831,-9.3962
8.5533,7.5241,-2.4432
9.2816,2.9293,9.1334
8.8276,7.831,2.1134
8.5533,7.5241,9.0664
-3.8355,-10.649,-12.112
-9.7214,-5.1411,-11.934
-12.289,-8.5685,-12.029
-9.5157,-11.381,-5.8908
-9.563,-11.031,-11.343
-3.8051,-11.053,-6.8728
-9.6429,-5.6043,-6.2878
-3.8355,-10.649,-0.60275
-9.7214,-5.1411,-0.42475
-12.395,-8.205,-5.5708
-12.289,-8.5685,-0.51975
-6.8555,-8.3408,-6.2848
-7.651,-7.8592,-11.384
-6.8562,-10.999,-8.8478
-7.2522,-11.17,-2.8958
-12.717,-5.5265,-3.4138
-12.559,-11.48,-8.7818
-11.626,-11.002,-3.2918
-1.152,-10.7,-2.8928
-9.5157,-11.381,5.6189
-9.563,-11.031,0.1669
-3.8051,-11.053,4.6369
-9.6429,-5.6043,5.2219
-3.8355,-10.649,10.907
-9.7214,-5.1411,11.085
-12.395,-8.205,5.9389
-12.289,-8.5685,10.99
-6.8555,-8.3408,5.2249
-7.651,-7.8592,0.1259
-6.8562,-10.999,2.6619
-7.2522,-11.17,8.6139
-12.717,-5.5265,8.0959
-12.559,-11.48,2.7279
-11.626,-11.002,8.2179
-1.152,-10.7,8.6169
-9.563,-11.031,11.677
-7.651,-7.8592,11.636
-12.807,0.95534,-3.1174
-12.807,0.95534,8.3923
2.3453,-12.067,-11.817
8.0891,-6.2746,-12.039
11.39,-8.9221,-11.577
5.1949,-8.7021,-11.332
10.664,-3.273,-11.808
1.781,-12.146,-4.6154
8.432,-5.8468,-5.1494
2.3453,-12.067,-0.30738
8.0891,-6.2746,-0.52938
7.7659,-11.598,-5.5834
7.7574,-11.17,-10.874
11.284,-8.5586,-5.1184
11.39,-8.9221,-0.067377
4.3393,-8.8096,-5.4734
10.312,-2.9272,-5.2014
5.1949,-8.7021,0.17762
10.664,-3.273,-0.29838
4.6059,-11.849,-8.4084
10.344,-4.8654,-8.7534
5.4205,-11.616,-2.4854
10.961,-5.8801,-2.9614
11.12,-11.834,-8.3294
0.26212,-12.151,-8.2454
5.3908,-5.7514,-2.5664
12.052,-11.355,-2.8394
1.781,-12.146,6.8943
8.432,-5.8468,6.3603
2.3453,-12.067,11.202
8.0891,-6.2746,10.98
7.7659,-11.598,5.9263
7.7574,-11.17,0.63528
11.284,-8.5586,6.3913
11.39,-8.9221,11.442
4.3393,-8.8096,6.0363
10.312,-2.9272,6.3083
5.1949,-8.7021,11.687
10.664,-3.273,11.211
4.6059,-11.849,3.1013
10.344,-4.8654,2.7563
5.4205,-11.616,9.0243
10.961,-5.8801,8.5483
11.12,-11.834,3.1803
0.26212,-12.151,3.2643
5.3908,-5.7514,8.9433
12.052,-11.355,8.6703
7.7574,-11.17,12.145
-3.5002,-6.033,-11.381
-9.3098,-0.41154,-12.042
-3.5659,5.3804,-12.264
2.588,-5.7304,-11.752
8.1883,0.65195,-11.885
2.3023,6.1603,-11.707
0.18738,-8.6882,-11.595
-5.782,-2.6552,-11.726
5.3005,-2.6771,-11.323
-0.26517,2.733,-11.802
-1.1264,-2.6425,-11.817
-6.4601,2.9529,-11.557
-0.99136,8.382,-12.033
-3.1523,-5.3245,-5.405
-9.874,-0.49073,-4.84
2.5081,-0.079903,-5.663
-3.223,5.8082,-5.374
-3.5002,-6.033,0.129
-9.3098,-0.41154,-0.532
2.4607,0.27011,-11.115
-3.5659,5.3804,-0.754
2.5364,-4.5856,-5.465
-3.8891,0.056569,-5.808
8.2187,0.24819,-6.645
2.3808,5.6972,-6.06
2.588,-5.7304,-0.242
-3.8976,0.48508,-11.099
8.1883,0.65195,-0.375
2.3023,6.1603,-0.197
-0.0056569,-8.6126,-5.87
-7.0675,-3.153,-5.557
5.6795,-2.629,-5.564
-0.37123,3.0964,-5.343
0.18738,-8.6882,-0.085
-5.782,-2.6552,-0.216
5.3005,-2.6771,0.187
-0.26517,2.733,-0.292
-0.9058,-2.5576,-5.345
-7.3157,2.8454,-5.698
5.1682,2.9607,-6.057
-1.3428,8.7278,-5.426
-1.1264,-2.6425,-0.307
-6.4601,2.9529,-0.047
4.3727,3.4422,-11.156
-0.99136,8.382,-0.523
-0.72691,-5.135,-8.535
-7.0491,-0.19445,-8.633
5.1675,0.30264,-8.62
-1.311,6.7896,-8.978
-0.80681,-5.8556,-2.615
-6.2346,0.038891,-2.71
4.7716,0.13152,-2.668
-0.69367,5.7749,-3.186
5.2156,-4.8677,-8.432
-0.53528,-0.1789,-8.554
-11.393,-0.49639,-8.47
-6.0557,-5.6965,-8.365
-6.2643,5.9036,-2.791
0.39739,0.29981,-3.064
10.872,0.60175,-2.665
-5.8138,-6.0288,-2.599
-3.1523,-5.3245,6.1047
-9.874,-0.49073,6.6697
2.5081,-0.079903,5.8467
-3.223,5.8082,6.1357
-3.5002,-6.033,11.639
-9.3098,-0.41154,10.978
2.4607,0.27011,0.39466
-3.5659,5.3804,10.756
2.5364,-4.5856,6.0447
-3.8891,0.056569,5.7017
8.2187,0.24819,4.8647
2.3808,5.6972,5.4497
2.588,-5.7304,11.268
-3.8976,0.48508,0.41066
8.1883,0.65195,11.135
2.3023,6.1603,11.313
-0.0056569,-8.6126,5.6397
-7.0675,-3.153,5.9527
5.6795,-2.629,5.9457
-0.37123,3.0964,6.1667
0.18738,-8.6882,11.425
-5.782,-2.6552,11.294
5.3005,-2.6771,11.697
-0.26517,2.733,11.218
-0.9058,-2.5576,6.1647
-7.3157,2.8454,5.8117
5.1682,2.9607,5.4527
-1.3428,8.7278,6.0837
-1.1264,-2.6425,11.203
-6.4601,2.9529,11.463
4.3727,3.4422,0.35366
-0.99136,8.382,10.987
-0.72691,-5.135,2.9747
-7.0491,-0.19445,2.8767
5.1675,0.30264,2.8897
-1.311,6.7896,2.5317
-0.80681,-5.8556,8.8947
-6.2346,0.038891,8.7997
4.7716,0.13152,8.8417
-0.69367,5.7749,8.3237
5.2156,-4.8677,3.0777
-0.53528,-0.1789,2.9557
-11.393,-0.49639,3.0397
-6.0557,-5.6965,3.1447
-6.2643,5.9036,8.7187
0.39739,0.29981,8.4457
10.872,0.60175,8.8447
-5.8138,-6.0288,8.9107
2.4607,0.27011,11.904
-3.8976,0.48508,11.92
4.3727,3.4422,11.863
-9.067,5.9246,-11.976
-3.4667,12.307,-12.109
-11.468,2.9668,-11.819
-6.3545,8.9779,-11.547
-12.781,9.0126,-12.041
-9.1469,11.575,-5.8876
-9.1943,11.925,-11.34
-9.1186,7.0694,-5.6896
-3.4363,11.903,-6.8696
-9.067,5.9246,-0.46662
-3.4667,12.307,-0.59962
-11.661,3.0425,-6.0946
-5.9755,9.026,-5.7886
-11.468,2.9668,-0.30962
-6.3545,8.9779,-0.037623
-12.561,9.0974,-5.5696
-12.781,9.0126,-0.53162
-12.382,6.52,-8.7596
-6.4875,11.958,-8.8446
-12.462,5.7995,-2.8396
-6.8835,11.787,-2.8926
-6.4394,6.7873,-8.6566
-12.19,11.476,-8.7786
-11.258,11.955,-3.2886
-0.78325,12.257,-2.8896
-9.1469,11.575,5.622
-9.1943,11.925,0.17003
-9.1186,7.0694,5.82
-3.4363,11.903,4.64
-9.067,5.9246,11.043
-3.4667,12.307,10.91
-11.661,3.0425,5.415
-5.9755,9.026,5.721
-11.468,2.9668,11.2
-6.3545,8.9779,11.472
-12.561,9.0974,5.94
-12.781,9.0126,10.978
-12.382,6.52,2.75
-6.4875,11.958,2.665
-12.462,5.7995,8.67
-6.8835,11.787,8.617
-6.4394,6.7873,2.853
-12.19,11.476,2.731
-11.258,11.955,8.221
-0.78325,12.257,8.62
-9.1943,11.925,11.68
12.286,-0.84998,-8.0176
12.286,-0.84998,3.492
8.5236,5.2684,-11.153
2.714,10.89,-11.814
12.211,2.6132,-11.367
6.2417,8.6462,-11.498
10.897,8.659,-11.589
8.8715,5.9769,-5.1772
2.1497,10.811,-4.6122
8.5236,5.2684,0.35675
2.714,10.89,-0.30425
8.1347,11.358,-5.5802
8.1262,11.787,-10.871
12.018,2.6889,-5.6422
4.9562,8.1484,-5.3292
12.211,2.6132,0.14275
6.2417,8.6462,0.011752
11.118,8.7438,-5.1172
10.897,8.659,-0.079248
11.297,6.1664,-8.3072
4.9746,11.107,-8.4052
11.217,5.4459,-2.3872
5.7892,11.34,-2.4822
11.488,11.123,-8.3262
0.63085,10.805,-8.2422
5.9681,5.605,-8.1372
12.421,11.601,-2.8362
6.2099,5.2726,-2.3712
8.8715,5.9769,6.3324
2.1497,10.811,6.8974
8.5236,5.2684,11.866
2.714,10.89,11.205
8.1347,11.358,5.9294
8.1262,11.787,0.63841
12.018,2.6889,5.8674
4.9562,8.1484,6.1804
12.211,2.6132,11.652
6.2417,8.6462,11.521
11.118,8.7438,6.3924
10.897,8.659,11.43
11.297,6.1664,3.2024
4.9746,11.107,3.1044
11.217,5.4459,9.1224
5.7892,11.34,9.0274
11.488,11.123,3.1834
0.63085,10.805,3.2674
5.9681,5.605,3.3724
12.421,11.601,8.6734
6.2099,5.2726,9.1384
8.1262,11.787,12.148
8.233,11.997,12.097
0.86349,10.751,9.2464
6.5812,5.3653,9.0084
0.71924,10.857,9.0424
6.7176,5.5795,8.7634
0.50994,10.985,8.8674
6.6879,5.6785,8.5884
0,0,0
-0.71842,5.5465,-0.203
5.6187,0.042426,0.107
-0.42639,0.14213,-5.665
-0.42639,0.14213,5.8447
-0.53811,-5.9913,-0.102
-6.231,-0.11031,0.035
5.1456,0.33163,-5.609
5.5296,-5.5055,0.069
5.1456,0.33163,5.9007
5.1831,5.9765,-0.085
-0.49851,-5.4949,5.7117
-0.49851,-5.4949,-5.798
-0.59326,5.9758,5.6647
-0.59326,5.9758,-5.845
-6.5796,-0.37547,-5.631
-6.8407,-5.325,-0.31275
-6.1254,6.1495,-0.15562
-6.5796,-0.37547,5.8787
5.0558,-5.6158,5.6037
5.0558,-5.6158,-5.906
5.1279,5.9256,-5.645
5.1279,5.9256,5.8647
-6.8958,-5.3759,5.6369
-6.5992,6.0392,5.379
-6.8958,-5.3759,-5.8728
-6.5992,6.0392,-6.1306
0.031228,10.985,0.13375
0,0,-11.51
0,0,11.51
11.686,-0.67037,0.35838
-0.33751,-11.972,0.13062
-11.993,-0.31678,-0.094
-0.82107,-10.992,5.6269
-0.82107,-10.992,-5.8828
10.937,-6.1085,0.021623
11.203,0.30901,-5.655
5.7927,11.191,0.26275
-0.71842,5.5465,11.307
11.203,0.30901,5.8547
11.486,5.3101,0.12575
5.6187,0.042426,-11.403
-0.53811,-5.9913,11.408
5.6187,0.042426,11.617
-6.4051,-11.259,-0.12075
5.424,-11.765,0.25962
-0.71842,5.5465,-11.713
-6.231,-0.11031,-11.475
-0.53811,-5.9913,-11.612
-6.231,-0.11031,11.545
-6.0364,11.697,-0.11762
-0.45233,11.964,5.63
-0.45233,11.964,-5.8796
5.4441,10.926,-5.4032
-12.193,5.6637,-0.32662
-12.476,0.66259,5.4023
11.062,-5.6793,-5.6204
5.4441,10.926,6.1064
11.062,-5.6793,5.8893
5.5296,-5.5055,-11.441
5.1831,5.9765,11.425
-12.476,0.66259,-6.1074
5.5296,-5.5055,11.579
-12.742,-5.7549,-0.43075
5.1831,5.9765,-11.595
11.525,5.8065,-5.5702
5.0754,-12.03,-5.4064
-6.8781,-10.97,5.6729
-6.8407,-5.325,11.197
-6.8781,-10.97,-5.8368
11.525,5.8065,5.9394
-6.1254,6.1495,11.354
5.0754,-12.03,6.1033
-6.1254,6.1495,-11.665
-6.8407,-5.325,-11.822
-12.154,6.1601,5.487
-12.617,-5.3257,5.4369
-6.5094,11.987,5.676
-6.5094,11.987,-5.8336
-12.154,6.1601,-6.0226
-12.617,-5.3257,-6.0728
0.031228,10.985,-11.376
0.031228,10.985,11.643
11.686,-0.67037,-11.151
11.655,-11.655,0.22462
-11.655,11.655,-0.22462
-12.024,-11.301,-0.22775
12.024,11.301,0.22775
-0.33751,-11.972,-11.379
-11.993,-0.31678,11.416
11.686,-0.67037,11.868
-11.993,-0.31678,-11.604
-0.33751,-11.972,11.64
5.7927,11.191,-11.247
11.229,-11.513,-5.4404
10.937,-6.1085,-11.488
11.486,5.3101,-11.384
10.937,-6.1085,11.531
5.424,-11.765,-11.25
11.597,11.444,-5.4372
11.229,-11.513,6.0693
11.486,5.3101,11.635
5.7927,11.191,11.772
-6.4051,-11.259,11.389
11.597,11.444,6.0724
-6.0364,11.697,11.392
-6.4051,-11.259,-11.63
-12.193,5.6637,11.183
5.424,-11.765,11.769
-6.0364,11.697,-11.627
-12.45,-11.159,5.6169
-12.45,-11.159,-5.8928
-12.081,11.797,5.62
-12.742,-5.7549,11.079
-12.081,11.797,-5.8896
-12.193,5.6637,-11.836
-12.742,-5.7549,-11.94
11.655,-11.655,-11.285
-11.655,11.655,11.285
-12.024,-11.301,11.282
12.024,11.301,-11.282
11.655,-11.655,11.734
-11.655,11.655,-11.734
-12.024,-11.301,-11.737
12.024,11.301,11.737
