-9.3827,-9.9974,-9.2377
-10.044,-2.7941,-9.9817
-8.2605,-9.9515,-2.8796
-9.3827,-9.9974,3.6484
-10.044,-2.7941,2.9044
-8.2605,-9.9515,10.007
10.27,-9.2587,-8.8778
11.493,-8.8839,-3.3016
10.27,-9.2587,4.0084
11.493,-8.8839,9.5845
3.3255,-8.3912,-9.1961
-2.8171,-3.8509,-9.6891
9.9935,-2.9281,-9.0471
3.7802,2.7238,-9.0651
4.2101,-3.5256,-9.7091
-2.6672,3.6784,-9.0541
-2.1899,-9.4307,-8.7691
3.119,9.9271,-9.8091
1.4305,-9.9907,-3.08
-3.7399,-4.2462,-3.017
9.6174,-3.4019,-2.734
4.9024,2.7697,-2.707
3.3255,-8.3912,3.69
-2.8171,-3.8509,3.197
9.9935,-2.9281,3.839
3.7802,2.7238,3.821
2.7931,-3.2117,-3.05
-1.4439,4.0531,-3.478
-2.4692,-9.8161,-3.196
-9.5346,-2.4636,-3.918
4.2101,-3.5256,3.177
-2.6672,3.6784,3.832
-2.1899,-9.4307,4.117
3.119,9.9271,3.077
1.4305,-9.9907,9.8061
-3.7399,-4.2462,9.8691
9.6174,-3.4019,10.152
4.9024,2.7697,10.179
2.7931,-3.2117,9.8361
-1.4439,4.0531,9.4081
-2.4692,-9.8161,9.6901
-9.5346,-2.4636,8.9681
-9.6115,4.5458,-9.3725
-2.9435,10.009,-9.2235
-8.7269,9.4114,-9.8855
-11.507,2.9463,-3.2564
-3.3197,9.5351,-2.9104
-9.6115,4.5458,3.5136
-2.9435,10.009,3.6626
-10.144,9.7254,-3.2264
-8.7269,9.4114,3.0006
-11.507,2.9463,9.6298
-3.3197,9.5351,9.9758
-10.144,9.7254,9.6598
10.346,8.8703,-9.5166
10.973,3.2905,-8.5966
9.423,8.475,-2.8444
10.346,8.8703,3.3696
10.694,2.9052,-3.0234
3.6282,10.258,-3.7454
10.973,3.2905,4.2896
9.423,8.475,10.042
10.694,2.9052,9.8627
3.6282,10.258,9.1407
-8.9987,-3.7968,-9.6507
-8.9428,-9.5477,-7.8947
-2.6411,-10.287,-2.0296
-10.001,-2.8267,-2.7126
-8.9987,-3.7968,3.2354
-8.3885,-8.6398,-3.5626
-8.9428,-9.5477,4.9914
-2.6411,-10.287,10.857
-10.001,-2.8267,10.174
-8.3885,-8.6398,9.3236
10.055,-10.674,-9.4408
4.0296,-9.8152,-9.0828
10.619,-10.092,-3.3086
10.055,-10.674,3.4454
4.0296,-9.8152,3.8034
10.619,-10.092,9.5775
-3.095,-9.2539,-9.9101
4.1642,8.9244,-9.4781
2.9493,-2.8023,-9.8241
-2.8822,2.2627,-9.6171
-1.9955,-2.6502,-9.3681
-8.9074,3.1219,-9.2591
4.22,3.1735,-7.7221
10.044,-3.4542,-7.6301
10.522,2.4339,-1.857
3.1615,9.8945,-2.54
3.9393,-3.1417,-4.02
-2.3179,2.8454,-3.485
-3.095,-9.2539,2.976
4.1642,8.9244,3.408
2.9493,-2.8023,3.062
-2.8822,2.2627,3.269
-3.3708,-3.3623,-1.808
2.7217,-9.5085,-2.483
4.7744,4.0814,-3.39
9.6414,-2.6693,-1.451
-1.9955,-2.6502,3.518
-8.9074,3.1219,3.627
4.22,3.1735,5.164
10.044,-3.4542,5.256
10.522,2.4339,11.029
3.1615,9.8945,10.346
3.9393,-3.1417,8.8661
-2.3179,2.8454,9.4011
-3.3708,-3.3623,11.078
2.7217,-9.5085,10.403
4.7744,4.0814,9.4961
9.6414,-2.6693,11.435
-9.9877,10.135,-10
-2.8926,9.4828,-7.8065
-8.9977,9.7954,-4.1964
-9.9877,10.135,2.8856
-10.215,3.4286,-2.6594
-3.2956,10.268,-1.6274
-2.8926,9.4828,5.0796
-8.9977,9.7954,8.6898
-10.215,3.4286,10.227
-3.2956,10.268,11.259
10.068,3.4673,-9.7376
11.167,10.071,-9.1956
10.068,3.4673,3.1486
9.7921,9.3589,-1.6354
11.167,10.071,3.6906
9.7921,9.3589,11.251
-10.214,-12.357,-13.575
-3.5943,-12.587,-11.635
-9.727,-5.9111,-12.73
-2.8129,-12.824,-7.1417
-9.4944,-5.9174,-7.1877
-13.989,-9.5958,-12.815
-12.391,-9.9953,-6.6467
-5.9348,-9.3738,-13.231
-12.46,-3.1597,-13.031
-5.9744,-9.9904,-6.4957
-13.03,-3.3223,-6.1607
-7.6552,-13.207,-9.1247
-12.622,-6.6564,-9.8677
-12.505,-12.407,-9.9197
-6.3145,-7.1641,-9.4517
-10.214,-12.357,-0.68855
-9.558,-12.436,-5.3466
-3.5943,-12.587,1.2514
-9.727,-5.9111,0.15645
-2.8129,-12.824,5.7444
-9.4944,-5.9174,5.6984
-13.989,-9.5958,0.071449
-12.391,-9.9953,6.2394
-5.9348,-9.3738,-0.34455
-12.46,-3.1597,-0.14455
-5.9744,-9.9904,6.3904
-13.03,-3.3223,6.7254
-5.1018,-12.728,-3.0916
-11.454,-6.8006,-3.1266
-7.6552,-13.207,3.7614
-12.622,-6.6564,3.0184
-14.488,-13.198,-3.3876
-0.92425,-12.88,-3.5136
-7.6715,-5.5045,-3.3886
-12.505,-12.407,2.9664
-6.3145,-7.1641,3.4344
-10.214,-12.357,12.198
-9.558,-12.436,7.5396
-3.5943,-12.587,14.138
-9.727,-5.9111,13.043
-13.989,-9.5958,12.958
-5.9348,-9.3738,12.542
-12.46,-3.1597,12.742
-5.1018,-12.728,9.7946
-11.454,-6.8006,9.7596
-14.488,-13.198,9.4986
-0.92425,-12.88,9.3726
-7.6715,-5.5045,9.4976
-13.861,0.057438,-3.6899
-13.861,0.057438,9.1962
3.7694,-12.853,-13.818
9.929,-5.9084,-11.977
3.6853,-11.318,-5.7788
10.39,-6.5632,-5.6558
9.8074,-13.514,-11.993
10.3,-13.435,-6.4438
12.111,-9.8116,-12.466
13.708,-10.211,-6.2978
6.5681,-9.5889,-11.946
13.64,-3.3755,-12.682
8.1054,-10.173,-5.6448
13.07,-3.5382,-5.8118
6.5285,-12.549,-8.9678
13.478,-6.8722,-9.5188
13.595,-12.623,-9.5708
3.7694,-12.853,-0.93164
9.929,-5.9084,0.90936
3.6853,-11.318,7.1074
10.39,-6.5632,7.2304
9.8074,-13.514,0.89336
10.3,-13.435,6.4424
12.111,-9.8116,0.42036
13.708,-10.211,6.5884
6.5681,-9.5889,0.94036
13.64,-3.3755,0.20436
8.1054,-10.173,7.2414
13.07,-3.5382,7.0744
7.9689,-13.235,-2.8196
6.5285,-12.549,3.9184
13.478,-6.8722,3.3674
8.1421,-7.2356,-2.0886
11.612,-13.414,-3.0386
13.595,-12.623,3.3154
3.7694,-12.853,11.954
9.929,-5.9084,13.795
9.8074,-13.514,13.779
12.111,-9.8116,13.306
6.5681,-9.5889,13.826
13.64,-3.3755,13.09
7.9689,-13.235,10.066
8.1421,-7.2356,10.797
11.612,-13.414,9.8475
-2.5795,-6.5789,-12.043
-9.1676,0.084146,-13.994
2.9493,0.36416,-13.402
-3.008,7.0286,-12.153
-3.0017,-6.9799,-6.0131
-9.2518,1.6193,-5.9551
-2.547,6.3739,-5.8321
3.8467,-6.9862,-12.883
-3.1297,-0.577,-12.169
9.5686,0.13435,-11.462
3.4358,6.8101,-12.557
-2.6375,-0.4978,-6.6201
10.35,-0.10253,-6.9691
3.6685,6.8038,-7.0151
-0.14779,-9.8578,-12.429
-6.4227,-3.5758,-12.809
6.2819,-2.6403,-12.68
-0.8259,3.1254,-12.642
0.29628,-9.9497,-6.5381
-6.4919,-3.409,-6.6171
0.77145,2.7259,-6.4741
0.21637,-3.264,-12.418
-6.3689,3.3482,-12.122
7.228,3.3474,-13.058
0.70286,9.5615,-12.858
1.277,-3.2711,-6.1751
-4.8317,2.7641,-5.8211
7.1884,2.7308,-6.3231
0.13294,9.3989,-5.9881
0.50417,-5.8556,-8.6161
-6.4085,0.3882,-9.1441
5.5077,-0.48578,-8.9521
0.54094,6.0649,-9.6951
7.2302,-6.2445,-9.1511
0.65761,0.31396,-9.7471
1.1448,-12.145,-9.9791
6.8483,5.5572,-9.2791
-2.5795,-6.5789,0.843
-9.1676,0.084146,-1.108
2.9493,0.36416,-0.516
-3.008,7.0286,0.733
-3.0017,-6.9799,6.873
-9.2518,1.6193,6.931
3.6048,0.28567,-5.174
-2.547,6.3739,7.054
3.8467,-6.9862,0.003
-3.1297,-0.577,0.717
9.5686,0.13435,1.424
3.4358,6.8101,0.329
3.66,-6.7967,-5.499
-2.6375,-0.4978,6.266
10.35,-0.10253,5.917
3.6685,6.8038,5.871
-0.14779,-9.8578,0.457
-6.4227,-3.5758,0.077
6.2819,-2.6403,0.206
-0.8259,3.1254,0.244
0.29628,-9.9497,6.348
-6.4919,-3.409,6.269
7.0477,-3.788,-5.758
0.77145,2.7259,6.412
0.21637,-3.264,0.468
-6.3689,3.3482,0.764
7.228,3.3474,-0.172
0.70286,9.5615,0.028
1.277,-3.2711,6.711
-4.8317,2.7641,7.065
7.1884,2.7308,6.563
0.13294,9.3989,6.898
0.09051,-5.9949,-2.686
-4.9681,-0.2984,-2.996
8.061,-0.0070711,-2.919
1.7091,5.9206,-2.954
0.50417,-5.8556,4.27
-6.4085,0.3882,3.742
5.5077,-0.48578,3.934
0.54094,6.0649,3.191
-4.7949,5.7014,-2.265
-1.3251,-0.47659,-3.215
12.239,-0.15839,-3.341
5.4914,7.2167,-3.216
7.2302,-6.2445,3.735
0.65761,0.31396,3.139
1.1448,-12.145,2.907
6.8483,5.5572,3.607
-2.5795,-6.5789,13.729
-9.1676,0.084146,11.778
2.9493,0.36416,12.37
-3.008,7.0286,13.619
3.6048,0.28567,7.7121
3.8467,-6.9862,12.889
-3.1297,-0.577,13.603
9.5686,0.13435,14.31
3.4358,6.8101,13.215
3.66,-6.7967,7.3871
-0.14779,-9.8578,13.343
-6.4227,-3.5758,12.963
6.2819,-2.6403,13.092
-0.8259,3.1254,13.13
7.0477,-3.788,7.1281
0.21637,-3.264,13.354
-6.3689,3.3482,13.65
7.228,3.3474,12.714
0.70286,9.5615,12.914
0.09051,-5.9949,10.2
-4.9681,-0.2984,9.8901
8.061,-0.0070711,9.9671
1.7091,5.9206,9.9321
-4.7949,5.7014,10.621
-1.3251,-0.47659,9.6711
12.239,-0.15839,9.5451
5.4914,7.2167,9.6701
-9.9877,13.301,-13.578
-9.0904,5.9508,-13.059
-3.3685,13.071,-11.638
-2.5871,12.835,-7.1455
-13.085,3.0793,-12.605
-6.6551,10.297,-12.856
-12.641,2.9873,-6.7145
-12.721,9.673,-12.594
-11.66,9.666,-6.3515
-12.433,7.0815,-8.7925
-7.4294,12.451,-9.1285
-5.7069,6.6926,-9.3275
-12.279,13.251,-9.9235
-11.792,0.79248,-10.155
-9.9877,13.301,-0.69236
-9.3322,13.223,-5.3504
-9.0904,5.9508,-0.17336
-3.3685,13.071,1.2476
-9.2771,6.1403,-5.6754
-2.5871,12.835,5.7406
-13.085,3.0793,0.28064
-6.6551,10.297,0.029643
-12.641,2.9873,6.1716
-5.8893,9.1491,-5.9344
-12.721,9.673,0.29164
-11.66,9.666,6.5346
-12.847,6.9422,-2.8624
-4.876,12.93,-3.0954
-12.433,7.0815,4.0936
-7.4294,12.451,3.7576
-14.262,12.46,-3.3914
-0.69843,12.779,-3.5174
-5.7069,6.6926,3.5586
-12.279,13.251,2.9626
-11.792,0.79248,2.7306
-9.9877,13.301,12.194
-9.3322,13.223,7.5358
-9.0904,5.9508,12.713
-3.3685,13.071,14.134
-9.2771,6.1403,7.2108
-13.085,3.0793,13.167
-6.6551,10.297,12.916
-5.8893,9.1491,6.9518
-12.721,9.673,13.178
-12.847,6.9422,10.024
-4.876,12.93,9.7908
-14.262,12.46,9.4948
-0.69843,12.779,9.3688
10.583,6.1423,-11.871
3.9952,12.805,-13.822
10.161,5.7414,-5.8406
3.9111,14.34,-5.7826
10.033,12.144,-11.997
10.525,12.223,-6.4476
13.015,2.8634,-12.257
6.7402,9.1454,-12.637
13.459,2.7715,-6.3656
6.6709,9.3122,-6.4446
13.379,9.4572,-12.246
14.44,9.4501,-6.0026
13.667,6.8657,-8.4436
6.7543,13.109,-8.9716
13.82,13.035,-9.5746
14.308,0.57665,-9.8066
10.583,6.1423,1.0156
3.9952,12.805,-0.93545
10.161,5.7414,7.0456
3.9111,14.34,7.1036
10.033,12.144,0.88955
10.525,12.223,6.4386
13.015,2.8634,0.62955
6.7402,9.1454,0.24955
13.459,2.7715,6.5206
6.6709,9.3122,6.4416
13.379,9.4572,0.64055
14.44,9.4501,6.8836
13.253,6.7264,-2.5134
8.1947,12.423,-2.8234
13.667,6.8657,4.4426
6.7543,13.109,3.9146
11.838,12.245,-3.0424
13.82,13.035,3.3116
14.308,0.57665,3.0796
10.583,6.1423,13.902
3.9952,12.805,11.951
10.033,12.144,13.776
13.015,2.8634,13.516
6.7402,9.1454,13.136
13.379,9.4572,13.527
13.253,6.7264,10.373
8.1947,12.423,10.063
11.838,12.245,9.8437
1.3706,13.514,-9.9829
1.3706,13.514,2.9032
8.0321,12.536,9.9967
11.833,12.155,9.9677
0,0,0
-6.0825,0.48083,0.005
0.50629,-6.2197,0.326
0.37618,6.2735,-0.006
0.41436,-0.43558,-6.4111
0.41436,-0.43558,6.475
6.7727,0.2687,0.918
0.71488,6.0451,-6.3881
0.71488,6.0451,6.498
-6.5832,0.27153,-5.9911
-6.2219,-6.5029,0.39145
6.8094,-0.239,-5.9091
0.22769,-7.0626,-5.691
6.9332,-5.9715,0.962
-6.0039,6.9655,0.78564
6.941,6.2183,0.564
-6.5832,0.27153,6.895
-5.6385,5.9553,-5.22
6.8094,-0.239,6.977
0.22769,-7.0626,7.1951
-5.857,-6.2331,-6.0781
-5.857,-6.2331,6.808
-5.6385,5.9553,7.6661
7.2986,-6.9818,-5.0436
7.3059,6.4881,-5.9056
7.3059,6.4881,6.9806
-12.287,-0.35072,0.02
0.87617,12.37,0.19255
7.2986,-6.9818,7.8425
0,0,-12.886
0,0,12.886
0.65035,-13.288,0.19636
6.7727,0.2687,-11.968
13.813,-0.56656,0.36891
-6.3902,-12.453,0.74545
0.50629,-6.2197,-12.56
-12.431,6.7173,0.14964
0.36133,12.589,-6.4241
0.36133,12.589,6.462
6.8545,-12.456,0.18136
-6.0825,0.48083,-12.881
-6.0825,0.48083,12.891
-12.802,-0.13259,6.2894
-12.787,-6.4478,-0.17855
0.37618,6.2735,12.88
0.37618,6.2735,-12.892
-12.802,-0.13259,-6.5967
0.13551,-13.07,-6.4203
0.13551,-13.07,6.4658
-6.1644,13.206,0.74164
0.50629,-6.2197,13.212
13.298,-0.34842,-6.2478
13.298,-0.34842,6.6384
13.313,-6.6636,0.17036
7.0803,13.202,0.17755
6.9332,-5.9715,-11.924
13.669,6.5015,0.49855
-12.709,5.8745,-5.8674
-6.0039,6.9655,-12.1
6.3539,-12.666,-5.8148
-6.1276,12.698,-6.0855
6.7727,0.2687,13.804
-6.2219,-6.5029,-12.495
6.941,6.2183,-12.322
-12.448,-6.6762,6.3254
13.391,5.6586,-5.5184
-12.448,-6.6762,-6.5607
-6.1276,12.698,6.8006
-12.709,5.8745,7.0188
-6.3534,-12.96,-6.0817
6.5797,12.993,-5.8186
6.3539,-12.666,7.0714
-6.3534,-12.96,6.8044
-6.2219,-6.5029,13.278
6.5797,12.993,7.0676
13.391,5.6586,7.3677
6.941,6.2183,13.45
-6.0039,6.9655,13.672
13.652,-6.892,-6.2118
6.9332,-5.9715,13.848
13.652,-6.892,6.6744
0.87617,12.37,-12.694
-12.287,-0.35072,-12.866
-12.287,-0.35072,12.906
0.87617,12.37,13.079
12.937,-12.937,0.17636
-12.937,12.937,-0.17636
-13.163,-12.721,-0.17255
13.163,12.721,0.17255
0.65035,-13.288,-12.69
-6.3902,-12.453,-12.141
13.813,-0.56656,-12.517
0.65035,-13.288,13.082
-12.523,12.501,6.2986
-12.523,12.501,-6.5875
-6.1644,13.206,-12.144
-12.431,6.7173,-12.736
6.8545,-12.456,-12.705
-12.787,-6.4478,12.708
13.813,-0.56656,13.255
-12.431,6.7173,13.036
6.8545,-12.456,13.067
13.577,12.286,-6.2386
-12.748,-13.157,6.3024
-12.787,-6.4478,-13.065
-12.748,-13.157,-6.5837
13.577,12.286,6.6476
-6.3902,-12.453,13.632
13.669,6.5015,-12.388
13.313,-6.6636,-12.716
7.0803,13.202,-12.709
13.313,-6.6636,13.056
7.0803,13.202,13.064
13.351,-13.373,-6.2348
-6.1644,13.206,13.628
13.351,-13.373,6.6514
13.669,6.5015,13.385
12.937,-12.937,-12.71
-12.937,12.937,12.71
-13.163,-12.721,12.714
13.163,12.721,-12.714
12.937,-12.937,13.062
-12.937,12.937,-13.062
13.163,12.721,13.059
-13.163,-12.721,-13.059
