-2.7406,-9.9997,-9.1803
-9.2297,-3.249,-9.6883
-9.0303,-8.408,-8.7273
-2.7406,-9.9997,2.867
-9.2297,-3.249,2.359
-9.0303,-8.408,3.32
-8.6569,-8.5664,-3.383
-3.0602,-9.2643,-2.321
-8.6569,-8.5664,8.6643
-3.0602,-9.2643,9.7263
9.556,-9.2137,-9.0963
4.281,-9.0624,-8.9123
9.556,-9.2137,2.951
4.281,-9.0624,3.135
9.9986,-2.8554,-2.873
9.3255,-9.7865,-2.769
9.9986,-2.8554,9.1743
9.3255,-9.7865,9.2783
3.4719,-3.3404,-9.7513
-2.4827,2.8249,-9.0963
9.3175,2.0584,-9.1803
2.8284,8.8091,-9.6883
-2.32,-3.3199,-8.5703
-7.7577,2.9762,-8.9123
3.0278,3.6501,-8.7273
9.3953,-3.0087,-8.3863
3.4719,-3.3404,2.296
-2.4827,2.8249,2.951
9.3175,2.0584,2.867
2.8284,8.8091,2.359
-2.32,-3.3199,3.477
-7.7577,2.9762,3.135
3.0278,3.6501,3.32
9.3953,-3.0087,3.661
3.3531,-8.9633,-3.374
-2.4819,-2.6361,-2.411
-2.04,9.1832,-2.873
3.4012,3.4917,-3.383
8.9979,2.7938,-2.321
-8.7618,-2.9295,-2.399
2.9585,-3.1664,-2.588
-2.7132,2.2521,-2.769
3.3531,-8.9633,8.6733
-2.4819,-2.6361,9.6363
-2.04,9.1832,9.1743
3.4012,3.4917,8.6643
8.9979,2.7938,9.7263
-8.7618,-2.9295,9.6483
2.9585,-3.1664,9.4593
-2.7132,2.2521,9.2783
-8.5667,8.6983,-9.7513
-2.6433,9.0299,-8.3863
-8.5667,8.6983,2.296
-2.6433,9.0299,3.661
-8.6855,3.0753,-3.374
-9.0801,8.8722,-2.588
-8.6855,3.0753,8.6733
-9.0801,8.8722,9.4593
9.7381,8.7383,-8.5703
9.7381,8.7383,3.477
9.5762,9.422,-2.411
3.2964,9.1286,-2.399
9.5762,9.422,9.6363
3.2964,9.1286,9.6483
-8.8634,-9.2283,-9.9723
-8.8634,-9.2283,2.075
-8.6513,-9.3994,-2.135
-8.6513,-9.3994,9.9123
9.4139,-7.9671,-8.2773
9.4139,-7.9671,3.77
9.1855,-8.9168,-3.963
9.1855,-8.9168,8.0843
-2.6693,-8.5114,-9.0553
-8.3771,-3.0102,-8.4783
2.7591,-2.1157,-9.2793
-2.6248,4.0715,-8.2773
3.1664,-8.3495,-8.2353
-2.704,-2.8822,-9.9353
9.425,-2.7033,-9.8473
3.1947,2.8298,-9.9723
-2.6693,-8.5114,2.992
-8.3771,-3.0102,3.569
2.7591,-2.1157,2.768
-2.6248,4.0715,3.77
3.1664,-8.3495,3.812
-2.704,-2.8822,2.112
9.425,-2.7033,2.2
3.1947,2.8298,2.075
3.5377,-8.8919,-1.877
-2.9592,-3.9096,-3.058
8.9067,-2.0464,-3.485
3.4068,2.6587,-2.135
-2.6722,-8.4704,-3.508
-8.9477,-1.5966,-3.004
4.1033,-2.221,-2.922
-2.8532,3.1219,-3.963
3.5377,-8.8919,10.17
-2.9592,-3.9096,8.9893
8.9067,-2.0464,8.5623
3.4068,2.6587,9.9123
-2.6722,-8.4704,8.5393
-8.9477,-1.5966,9.0433
4.1033,-2.221,9.1253
-2.8532,3.1219,8.0843
-9.2795,9.923,-9.2793
-8.8722,3.6891,-8.2353
-2.6136,9.3354,-9.8473
-9.2795,9.923,2.768
-8.8722,3.6891,3.812
-2.6136,9.3354,2.2
-8.501,3.1468,-1.877
-3.1319,9.9923,-3.485
-7.9353,9.8176,-2.922
-8.501,3.1468,10.17
-3.1319,9.9923,8.5623
-7.9353,9.8176,9.1253
9.3888,3.5467,-9.0553
3.681,9.048,-8.4783
9.3541,9.176,-9.9353
9.3888,3.5467,2.992
3.681,9.048,3.569
9.3541,9.176,2.112
9.0989,8.1485,-3.058
9.386,3.5877,-3.508
3.1104,10.461,-3.004
9.0989,8.1485,8.9893
9.386,3.5877,8.5393
3.1104,10.461,9.0433
0.32841,-12.63,-9.0173
0.32841,-12.63,3.03
-5.5315,-13.154,-9.2073
-12.044,-5.8243,-8.7563
-11.71,-0.59168,-9.0173
-12.048,-12.413,-8.9003
-8.886,-12.085,-6.7643
-8.8047,-5.6185,-6.2023
-5.9218,-9.0444,-11.817
-11.874,-3.0722,-12.251
-5.8151,-8.8047,-6.8603
-11.565,-9.1222,-11.828
-2.6769,-12.086,-12.253
-8.8316,-6.1205,-12.415
-9.072,-12.121,-11.739
-10.681,-12.151,-3.068
-5.5315,-13.154,2.84
-12.044,-5.8243,3.291
-11.71,-0.59168,3.03
-12.048,-12.413,3.147
-6.0788,-11.229,-3.445
-12.591,-6.5681,-2.857
-8.886,-12.085,5.283
-2.9152,-11.105,-5.592
-8.8047,-5.6185,5.845
-11.889,-8.7397,-6.062
-5.9218,-9.0444,0.23
-11.874,-3.0722,-0.204
-5.8151,-8.8047,5.187
-11.579,-2.8544,-5.278
-11.565,-9.1222,0.219
-2.6769,-12.086,-0.206
-8.8316,-6.1205,-0.368
-9.072,-12.121,0.308
-10.681,-12.151,8.9793
-6.0788,-11.229,8.6023
-12.591,-6.5681,9.1903
-2.9152,-11.105,6.4553
-11.889,-8.7397,5.9853
-5.9218,-9.0444,12.277
-11.874,-3.0722,11.843
-11.579,-2.8544,6.7693
-11.565,-9.1222,12.266
-2.6769,-12.086,11.841
-8.8316,-6.1205,11.679
-9.072,-12.121,12.355
6.06,-12.85,-8.9093
12.053,-5.8048,-8.7563
12.387,-0.57219,-9.0173
6.3309,-6.1696,-9.0383
12.049,-12.394,-8.9003
3.0944,-11.752,-6.2993
6.5232,-9.066,-11.847
12.222,-3.0527,-12.251
6.7113,-8.8128,-6.3983
12.532,-9.1027,-11.828
9.2894,-11.863,-11.229
3.3143,-12.123,-11.959
9.399,-5.5453,-11.445
13.415,-12.131,-3.068
6.5246,-6.5105,-3.106
6.06,-12.85,3.138
12.053,-5.8048,3.291
12.387,-0.57219,3.03
6.3309,-6.1696,3.009
12.049,-12.394,3.147
6.403,-11.749,-2.905
11.505,-6.5487,-2.857
3.0944,-11.752,5.748
9.3085,-5.7475,-5.916
9.0999,-11.954,-5.808
12.208,-8.7202,-6.062
6.5232,-9.066,0.2
12.222,-3.0527,-0.204
6.7113,-8.8128,5.649
12.518,-2.8349,-5.278
12.532,-9.1027,0.219
9.2894,-11.863,0.818
3.3143,-12.123,0.088
9.399,-5.5453,0.602
13.415,-12.131,8.9793
6.5246,-6.5105,8.9413
6.403,-11.749,9.1423
11.505,-6.5487,9.1903
9.3085,-5.7475,6.1313
9.0999,-11.954,6.2393
12.208,-8.7202,5.9853
6.5232,-9.066,12.247
12.222,-3.0527,11.843
12.518,-2.8349,6.7693
12.532,-9.1027,12.266
9.2894,-11.863,12.865
3.3143,-12.123,12.135
9.399,-5.5453,12.649
0.9058,-6.1624,-8.9853
-5.9786,-0.81105,-8.9093
6.5266,-1.096,-9.2073
0.014142,6.2339,-8.7563
0.3479,11.466,-9.0173
-5.6286,-4.8861,-9.1283
-5.7078,5.869,-9.0383
0.0098995,-0.35497,-8.9003
-2.7471,-6.301,-6.3473
-8.9442,0.28638,-6.2993
3.1721,-0.02687,-6.7643
3.2534,6.4396,-6.2023
0.26304,-8.9053,-6.6553
0.12233,-2.972,-11.963
-5.5154,2.9727,-11.847
6.1363,3.0137,-11.817
0.18385,8.9859,-12.251
-5.3273,3.2258,-6.3983
6.243,3.2534,-6.8603
0.49639,-9.1966,-11.821
-5.5218,-2.914,-12.448
6.5125,-2.7648,-12.878
0.49356,2.9359,-11.828
3.4182,-5.9991,-12.057
-2.7492,0.17536,-11.229
9.3812,-0.027577,-12.253
3.2265,5.9376,-12.415
-2.5824,-6.3951,-11.919
-8.7243,-0.084853,-11.959
2.9861,-0.062933,-11.739
-2.6396,6.4934,-11.445
-5.1393,-6.5252,-2.897
0.48154,-11.066,-2.907
1.3767,-0.092631,-3.068
-5.514,5.5282,-3.106
0.9058,-6.1624,3.062
-5.9786,-0.81105,3.138
6.5266,-1.096,2.84
0.014142,6.2339,3.291
0.3479,11.466,3.03
-5.6286,-4.8861,2.919
-5.7078,5.869,3.009
0.0098995,-0.35497,3.147
-0.16546,-6.4474,-3.172
-5.6356,0.28991,-2.905
5.9793,0.82873,-3.445
-0.53316,5.49,-2.857
-2.7471,-6.301,5.7
-8.9442,0.28638,5.748
3.1721,-0.02687,5.283
-2.7301,6.2911,-5.916
3.3694,-5.8697,-5.783
-2.9387,0.084853,-5.808
9.1429,0.95318,-5.592
3.2534,6.4396,5.845
0.26304,-8.9053,5.392
-5.4723,-2.931,-5.289
6.2522,-2.868,-5.445
0.169,3.3185,-6.062
0.12233,-2.972,0.084
-5.5154,2.9727,0.2
6.1363,3.0137,0.23
0.18385,8.9859,-0.204
0.13506,-2.8532,-5.634
-5.3273,3.2258,5.649
6.243,3.2534,5.187
0.47942,9.2037,-5.278
0.49639,-9.1966,0.226
-5.5218,-2.914,-0.401
6.5125,-2.7648,-0.831
0.49356,2.9359,0.219
3.4182,-5.9991,-0.01
-2.7492,0.17536,0.818
9.3812,-0.027577,-0.206
3.2265,5.9376,-0.368
-2.5824,-6.3951,0.128
-8.7243,-0.084853,0.088
2.9861,-0.062933,0.308
-2.6396,6.4934,0.602
-5.1393,-6.5252,9.1503
0.48154,-11.066,9.1403
1.3767,-0.092631,8.9793
-5.514,5.5282,8.9413
-0.16546,-6.4474,8.8753
-5.6356,0.28991,9.1423
5.9793,0.82873,8.6023
-0.53316,5.49,9.1903
-2.7301,6.2911,6.1313
3.3694,-5.8697,6.2643
-2.9387,0.084853,6.2393
9.1429,0.95318,6.4553
-5.4723,-2.931,6.7583
6.2522,-2.868,6.6023
0.169,3.3185,5.9853
0.12233,-2.972,12.131
-5.5154,2.9727,12.247
6.1363,3.0137,12.277
0.18385,8.9859,11.843
0.13506,-2.8532,6.4133
0.47942,9.2037,6.7693
0.49639,-9.1966,12.273
-5.5218,-2.914,11.646
6.5125,-2.7648,11.216
0.49356,2.9359,12.266
3.4182,-5.9991,12.037
-2.7492,0.17536,12.865
9.3812,-0.027577,11.841
3.2265,5.9376,11.679
-2.5824,-6.3951,12.175
-8.7243,-0.084853,12.135
2.9861,-0.062933,12.355
-2.6396,6.4934,12.649
-11.133,5.8762,-8.9853
-5.512,10.943,-9.2073
-12.029,11.684,-8.9003
-8.8666,12.012,-6.7643
-11.776,3.1333,-6.6553
-11.916,9.0667,-11.963
-11.542,2.842,-11.821
-5.5262,9.2738,-12.878
-8.6205,6.0395,-12.057
-2.6574,12.011,-12.253
-9.0525,11.976,-11.739
-11.557,0.97312,-2.907
-10.662,11.946,-3.068
-11.133,5.8762,3.062
-5.512,10.943,2.84
-12.029,11.684,3.147
-12.204,5.5912,-3.172
-6.0593,12.867,-3.445
-8.8666,12.012,5.283
-8.6693,6.1689,-5.783
-2.8957,12.992,-5.592
-11.776,3.1333,5.392
-5.7864,9.1706,-5.445
-11.916,9.0667,0.084
-11.904,9.1855,-5.634
-11.542,2.842,0.226
-5.5262,9.2738,-0.831
-8.6205,6.0395,-0.01
-2.6574,12.011,-0.206
-9.0525,11.976,0.308
-11.557,0.97312,9.1403
-10.662,11.946,8.9793
-12.204,5.5912,8.8753
-6.0593,12.867,8.6023
-8.6693,6.1689,6.2643
-2.8957,12.992,6.4553
-5.7864,9.1706,6.6023
-11.916,9.0667,12.131
-11.904,9.1855,6.4133
-11.542,2.842,12.273
-5.5262,9.2738,11.216
-8.6205,6.0395,12.037
-2.6574,12.011,11.841
-9.0525,11.976,12.355
12.964,5.8957,-8.9853
6.0795,11.247,-8.9093
6.4296,7.172,-9.1283
12.068,11.703,-8.9003
9.311,5.7571,-6.3473
3.1139,12.344,-6.2993
12.321,3.1528,-6.6553
12.18,9.0862,-11.963
12.555,2.8615,-11.821
6.5363,9.1441,-12.448
9.3089,12.233,-11.229
9.4758,5.663,-11.919
3.3338,11.973,-11.959
6.9189,5.5329,-2.897
12.54,0.99261,-2.907
13.435,11.965,-3.068
12.964,5.8957,3.062
6.0795,11.247,3.138
6.4296,7.172,2.919
12.068,11.703,3.147
11.893,5.6107,-3.172
6.4225,12.348,-2.905
9.311,5.7571,5.7
3.1139,12.344,5.748
9.1194,12.143,-5.808
12.321,3.1528,5.392
6.5858,9.1272,-5.289
12.18,9.0862,0.084
12.193,9.2049,-5.634
12.555,2.8615,0.226
6.5363,9.1441,-0.401
9.3089,12.233,0.818
9.4758,5.663,0.128
3.3338,11.973,0.088
6.9189,5.5329,9.1503
12.54,0.99261,9.1403
13.435,11.965,8.9793
11.893,5.6107,8.8753
6.4225,12.348,9.1423
9.1194,12.143,6.2393
6.5858,9.1272,6.7583
12.18,9.0862,12.131
12.193,9.2049,6.4133
12.555,2.8615,12.273
6.5363,9.1441,11.646
9.3089,12.233,12.865
9.4758,5.663,12.175
3.3338,11.973,12.135
0.50103,13.031,-2.907
0.50103,13.031,9.1403
0,0,0
-5.5572,-0.088388,0.375
0.2489,0.14708,-6.014
0.2489,0.14708,6.0333
0.24607,6.1858,-0.079
0.39457,-6.2678,0.296
6.3576,-0.043134,0.199
-5.6802,5.8739,0.006
-5.712,0.098995,-5.853
-5.8251,-5.9524,-0.05
0.32315,-5.8739,-5.97
-5.712,0.098995,6.1943
0.42639,6.3406,-5.576
0.32315,-5.8739,6.0773
6.0691,0.28072,5.9433
6.0691,0.28072,-6.104
6.233,6.1057,-0.05
6.3584,-6.1647,0.006
0.42639,6.3406,6.4713
-5.7184,-5.8117,-5.899
-5.7184,-5.8117,6.1483
6.3265,-5.6604,-5.88
-5.7121,6.3782,-5.88
6.3265,-5.6604,6.1673
-5.7121,6.3782,6.1673
6.3397,6.2464,-5.899
6.3397,6.2464,6.1483
-11.483,-0.088388,0.292
0.57541,11.97,0.292
0,0,-12.047
0,0,12.047
0.55593,-12.127,0.292
12.614,-0.0689,0.292
-5.5572,-0.088388,-11.672
-11.644,5.7708,0.296
0.11384,-11.723,-5.726
-11.812,-5.8724,-0.079
-11.925,0.31551,-5.726
-5.681,11.995,0.199
0.11384,-11.723,6.3213
0.39457,-6.2678,-11.751
-5.7005,-12.101,0.199
6.3576,-0.043134,-11.848
12.172,0.335,-5.726
0.24607,6.1858,11.968
-11.925,0.31551,6.3213
12.285,-5.8529,-0.079
-5.5572,-0.088388,12.422
0.24607,6.1858,-12.126
6.501,11.97,0.375
0.13333,12.374,-5.726
12.172,0.335,6.3213
12.453,5.7903,0.296
6.4815,-12.127,0.375
6.3576,-0.043134,12.246
0.39457,-6.2678,12.343
0.13333,12.374,6.3213
-11.632,-5.7175,-5.576
-11.632,-5.7175,6.4713
-5.989,-11.777,5.9433
-11.715,6.1647,-5.97
-5.6802,5.8739,-12.041
-5.989,-11.777,-6.104
-5.6802,5.8739,12.053
-11.715,6.1647,6.0773
-5.8251,-5.9524,11.997
-5.8251,-5.9524,-12.097
6.3266,-11.94,-5.853
12.465,-5.698,-5.576
6.233,6.1057,11.997
6.3266,-11.94,6.1943
6.3461,12.157,-5.853
6.233,6.1057,-12.097
-5.9695,12.319,5.9433
6.3584,-6.1647,-12.041
6.3584,-6.1647,12.053
-5.9695,12.319,-6.104
6.3461,12.157,6.1943
12.381,6.1842,-5.97
12.381,6.1842,6.0773
12.465,-5.698,6.4713
-11.483,-0.088388,-11.755
0.57541,11.97,-11.755
-11.483,-0.088388,12.339
0.55593,-12.127,-11.755
12.039,-12.039,0
-12.039,12.039,0
12.058,12.058,0
-12.058,-12.058,0
0.57541,11.97,12.339
12.614,-0.0689,-11.755
0.55593,-12.127,12.339
-11.644,5.7708,-11.751
12.614,-0.0689,12.339
-5.681,11.995,-11.848
-11.812,-5.8724,11.968
-11.809,-11.911,-6.014
-11.809,-11.911,6.0333
-5.7005,-12.101,-11.848
-11.812,-5.8724,-12.126
-11.644,5.7708,12.343
6.501,11.97,-11.672
-11.79,12.186,-6.014
-11.79,12.186,6.0333
6.4815,-12.127,-11.672
-5.681,11.995,12.246
12.453,5.7903,-11.751
12.285,-5.8529,11.968
12.288,-11.892,-6.014
12.288,-11.892,6.0333
-5.7005,-12.101,12.246
12.285,-5.8529,-12.126
12.307,12.205,-6.014
12.307,12.205,6.0333
6.501,11.97,12.422
12.453,5.7903,12.343
6.4815,-12.127,12.422
12.039,-12.039,-12.047
12.039,-12.039,12.047
-12.039,12.039,-12.047
-12.039,12.039,12.047
12.058,12.058,-12.047
12.058,12.058,12.047
-12.058,-12.058,-12.047
-12.058,-12.058,12.047
