-8.7506,-8.3351,-9.4804
-3.4374,-8.4483,-9.3694
-8.6487,-2.9102,-9.0434
-9.3014,-7.9243,-3.4698
-8.7506,-8.3351,2.0292
-2.7663,-8.6993,-2.6078
-3.4374,-8.4483,2.1402
-8.6487,-2.9102,2.4662
-9.3014,-7.9243,8.0399
-2.7663,-8.6993,8.9019
9.4319,-8.2185,-9.146
8.9567,-7.848,-2.5404
9.4319,-8.2185,2.3636
8.9567,-7.848,8.9693
2.8546,-8.6034,-8.2287
-2.3907,-2.4063,-8.9797
9.0715,-1.9877,-8.4437
3.2732,2.9663,-9.2527
2.6326,-2.0089,-8.5257
-2.2231,3.4365,-9.3707
8.5864,2.8532,-9.1417
3.375,8.3912,-8.8157
3.31,-8.0235,-2.986
-3.4768,-2.8998,-2.333
9.36,-2.3412,-3.228
2.7224,3.3771,-3.242
2.8546,-8.6034,3.281
-2.3907,-2.4063,2.53
9.0715,-1.9877,3.066
3.2732,2.9663,2.257
2.2154,-3.3552,-3.071
-2.6983,3.8071,-2.765
9.2574,2.6022,-2.38
-7.7421,-2.9805,-2.392
2.6326,-2.0089,2.984
-2.2231,3.4365,2.139
8.5864,2.8532,2.368
3.375,8.3912,2.694
3.31,-8.0235,8.5237
-3.4768,-2.8998,9.1767
9.36,-2.3412,8.2817
2.7224,3.3771,8.2677
2.2154,-3.3552,8.4387
-2.6983,3.8071,8.7447
9.2574,2.6022,9.1297
-7.7421,-2.9805,9.1177
-8.8004,3.0517,-8.4533
-2.5835,9.6673,-8.6683
-9.0225,9.6461,-8.7503
-8.3451,3.6315,-3.2106
-2.295,9.3138,-3.4526
-8.8004,3.0517,3.0564
-2.5835,9.6673,2.8414
-9.4397,8.2998,-3.2956
-9.0225,9.6461,2.7594
-8.3451,3.6315,8.299
-2.295,9.3138,8.057
-9.4397,8.2998,8.214
9.633,8.8951,-8.7519
8.5469,8.4016,-2.1052
9.633,8.8951,2.7578
4.2816,8.321,-2.1642
8.5469,8.4016,9.4044
4.2816,8.321,9.3454
-10.119,-8.0799,-8.8954
-10.082,-9.2042,-3.5248
-10.119,-8.0799,2.6142
-10.082,-9.2042,7.9849
8.7474,-9.0161,-8.096
3.6265,-8.432,-8.903
9.3315,-3.6987,-8.245
8.8584,-9.1045,-3.3664
8.7474,-9.0161,3.4136
3.5092,-9.7868,-2.8134
3.6265,-8.432,2.6066
9.3315,-3.6987,3.2646
8.8584,-9.1045,8.1433
3.5092,-9.7868,8.6963
-2.1546,-8.7024,-7.9517
-9.0962,-1.9827,-8.8627
4.0348,-2.53,-8.5477
-2.9076,2.6389,-8.3207
-3.3177,-3.5072,-8.6017
-8.0285,3.223,-9.1277
1.9049,3.2216,-8.6677
-2.3236,7.9564,-8.4697
-3.3856,-7.9776,-2.675
-8.4931,-3.1714,-3.687
3.1459,-2.1956,-2.883
-2.7966,2.5505,-3.591
-2.1546,-8.7024,3.558
-9.0962,-1.9827,2.647
4.0348,-2.53,2.962
-2.9076,2.6389,3.189
-3.2251,-3.9407,-3.358
-8.1459,1.8682,-3.038
1.9417,2.0973,-3.297
8.363,-2.9168,-2.285
-3.3177,-3.5072,2.908
-8.0285,3.223,2.382
1.9049,3.2216,2.842
-2.3236,7.9564,3.04
-3.3856,-7.9776,8.8347
-8.4931,-3.1714,7.8227
3.1459,-2.1956,8.6267
-2.7966,2.5505,7.9187
-3.2251,-3.9407,8.1517
-8.1459,1.8682,8.4717
1.9417,2.0973,8.2127
8.363,-2.9168,9.2247
-7.6203,9.125,-8.7723
-8.5091,9.4595,-3.1076
-7.6203,9.125,2.7374
-3.2921,8.7382,-2.5096
-8.5091,9.4595,8.402
-3.2921,8.7382,9
9.8692,2.5991,-7.7239
2.9275,9.3187,-8.6349
8.706,7.7942,-8.3739
8.6381,3.3239,-2.4472
3.5307,8.1301,-3.4592
9.8692,2.5991,3.7858
2.9275,9.3187,2.8748
8.7986,7.3607,-3.1302
8.706,7.7942,3.1358
8.6381,3.3239,9.0624
3.5307,8.1301,8.0504
8.7986,7.3607,8.3794
-9.2448,-11.215,-12.46
-3.2422,-11.359,-12.116
-9.2491,-5.1086,-11.952
-2.9495,-10.753,-6.1144
-9.0129,-5.3391,-5.9864
-11.17,-8.135,-11.86
-5.7008,-8.2708,-12.064
-11.771,-2.5064,-11.393
-11.465,-2.5588,-6.3514
-5.9667,-11.372,-9.0724
-12.019,-5.5845,-9.1494
-11.968,-10.633,-8.9244
-0.24124,-11.032,-8.6974
-6.2248,-5.2719,-9.1874
-9.2448,-11.215,-0.95075
-9.2986,-11.662,-5.8468
-3.2422,-11.359,-0.60675
-9.2491,-5.1086,-0.44275
-2.9495,-10.753,5.3952
-9.0129,-5.3391,5.5232
-11.17,-8.135,-0.35075
-12.226,-8.5494,-5.8208
-5.7008,-8.2708,-0.55475
-11.771,-2.5064,0.11625
-6.8414,-8.3804,-5.6468
-11.465,-2.5588,5.1582
-5.9002,-11.969,-3.3088
-11.571,-4.2728,-3.4118
-5.9667,-11.372,2.4372
-12.019,-5.5845,2.3602
-12.855,-11.503,-3.1738
-11.968,-10.633,2.5852
-0.24124,-11.032,2.8122
-6.2248,-5.2719,2.3222
-9.2448,-11.215,10.559
-9.2986,-11.662,5.6629
-3.2422,-11.359,10.903
-9.2491,-5.1086,11.067
-11.17,-8.135,11.159
-12.226,-8.5494,5.6889
-5.7008,-8.2708,10.955
-11.771,-2.5064,11.626
-6.8414,-8.3804,5.8629
-5.9002,-11.969,8.2009
-11.571,-4.2728,8.0979
-12.855,-11.503,8.3359
-11.896,0.623,-8.922
-11.896,0.623,2.5876
3.2263,-11.033,-11.04
8.8881,-5.2225,-11.509
3.1577,-11.769,-5.418
8.8033,-5.8094,-5.498
8.9807,-11.559,-10.938
9.0253,-11.705,-6.099
12.509,-8.4886,-11.408
6.042,-8.7361,-11.813
11.908,-2.86,-10.941
12.214,-2.9124,-5.899
5.762,-10.782,-8.184
11.66,-5.9381,-8.697
6.3072,-6.0738,-8.546
11.711,-10.987,-8.472
3.2263,-11.033,0.46962
8.8881,-5.2225,0.000623
3.1577,-11.769,6.0916
8.8033,-5.8094,6.0116
8.9807,-11.559,0.57162
9.0253,-11.705,5.4106
12.509,-8.4886,0.10162
11.453,-8.903,-5.3684
6.042,-8.7361,-0.30338
11.908,-2.86,0.56862
6.0434,-8.9426,-4.6894
12.214,-2.9124,5.6106
5.9041,-11.944,-2.3884
12.108,-4.6264,-2.9594
5.762,-10.782,3.3256
11.66,-5.9381,2.8126
10.824,-11.857,-2.7214
1.0258,-12.041,-2.6784
6.3072,-6.0738,2.9636
11.711,-10.987,3.0376
3.2263,-11.033,11.979
8.8881,-5.2225,11.51
8.9807,-11.559,12.081
12.509,-8.4886,11.611
11.453,-8.903,6.1413
6.042,-8.7361,11.206
11.908,-2.86,12.078
6.0434,-8.9426,6.8203
5.9041,-11.944,9.1213
12.108,-4.6264,8.5503
10.824,-11.857,8.7883
1.0258,-12.041,8.8313
-2.711,-5.7191,-11.595
-8.4287,0.62225,-11.265
2.7789,0.086267,-12.233
-2.7669,6.4326,-11.734
-2.909,-6.0868,-5.6487
-8.4973,-0.11384,-5.6427
-2.8518,5.8457,-5.7227
3.643,-5.7488,-11.326
-2.6743,0.096167,-11.163
8.7816,-0.057276,-11.889
2.7747,6.1928,-11.725
3.6183,-5.0169,-6.4317
-2.6297,-0.050205,-6.3237
9.0743,0.54801,-5.8867
3.0109,5.9623,-5.7587
0.29557,-8.5998,-11.098
-5.4292,-2.8553,-10.962
5.589,-2.6799,-11.753
0.85418,3.1664,-11.633
-5.0728,-2.9925,-5.8777
6.47,-2.8935,-6.2647
-0.050912,-2.9288,-11.605
-5.613,2.9189,-12.038
6.3229,3.0307,-11.837
0.25314,8.795,-11.166
-0.19516,-3.1141,-5.6817
0.55861,8.7427,-6.1237
-0.72196,-5.741,-8.2527
-5.893,0.87257,-8.4087
6.0571,-0.070711,-8.8447
0.0049497,5.717,-8.9217
-5.3478,5.5812,-8.7707
0.055861,0.66822,-8.6967
11.783,0.26941,-8.4697
5.799,6.0295,-8.9597
-2.711,-5.7191,-0.085
-8.4287,0.62225,0.245
2.7789,0.086267,-0.723
-2.7669,6.4326,-0.224
-2.909,-6.0868,5.861
-8.4973,-0.11384,5.867
2.7252,-0.36062,-5.619
-2.8518,5.8457,5.787
3.643,-5.7488,0.184
-2.6743,0.096167,0.347
8.7816,-0.057276,-0.379
2.7747,6.1928,-0.215
3.6183,-5.0169,5.078
-2.6297,-0.050205,5.186
9.0743,0.54801,5.623
3.0109,5.9623,5.751
0.29557,-8.5998,0.412
-5.4292,-2.8553,0.548
5.589,-2.6799,-0.243
0.85418,3.1664,-0.123
0.36275,-8.7193,-5.433
-5.0728,-2.9925,5.632
6.47,-2.8935,5.245
-0.20223,2.7521,-5.593
-0.050912,-2.9288,-0.095
-5.613,2.9189,-0.528
6.3229,3.0307,-0.327
0.25314,8.795,0.344
-0.19516,-3.1141,5.828
-5.6116,2.7125,-4.914
5.1824,2.9211,-5.419
0.55861,8.7427,5.386
-0.60953,-6.1419,-3.033
-5.7509,-0.28921,-2.613
6.1235,-0.66751,-3.081
0.45255,7.0286,-3.184
-0.72196,-5.741,3.257
-5.893,0.87257,3.101
6.0571,-0.070711,2.665
0.0049497,5.717,2.588
5.9673,-4.8387,-3.165
-0.83085,-0.20153,-2.946
-10.629,-0.38608,-2.903
-5.8937,-5.6137,-3.063
-5.3478,5.5812,2.739
0.055861,0.66822,2.813
11.783,0.26941,3.04
5.799,6.0295,2.55
-2.711,-5.7191,11.425
-8.4287,0.62225,11.755
2.7789,0.086267,10.787
-2.7669,6.4326,11.286
2.7252,-0.36062,5.8907
3.643,-5.7488,11.694
-2.6743,0.096167,11.857
8.7816,-0.057276,11.131
2.7747,6.1928,11.295
0.29557,-8.5998,11.922
-5.4292,-2.8553,12.058
5.589,-2.6799,11.267
0.85418,3.1664,11.387
0.36275,-8.7193,6.0767
-0.20223,2.7521,5.9167
-0.050912,-2.9288,11.415
-5.613,2.9189,10.982
6.3229,3.0307,11.183
0.25314,8.795,11.854
-5.6116,2.7125,6.5957
5.1824,2.9211,6.0907
-0.60953,-6.1419,8.4767
-5.7509,-0.28921,8.8967
6.1235,-0.66751,8.4287
0.45255,7.0286,8.3257
5.9673,-4.8387,8.3447
-0.83085,-0.20153,8.5637
-10.629,-0.38608,8.6067
-5.8937,-5.6137,8.4467
-8.8761,11.741,-12.457
-8.012,5.9062,-11.55
-2.8735,11.598,-12.113
-8.0368,6.6381,-6.6563
-2.5807,12.203,-6.1113
-11.359,3.0552,-11.322
-6.066,8.9751,-11.977
-5.185,8.7615,-6.4893
-11.706,8.7262,-11.829
-11.85,8.5409,-5.9063
-12.377,5.914,-8.4773
-5.5979,11.584,-9.0693
-11.599,12.323,-8.9213
0.1275,11.924,-8.6943
-8.8761,11.741,-0.94762
-8.9298,11.294,-5.8436
-8.012,5.9062,-0.040623
-2.8735,11.598,-0.60362
-8.0368,6.6381,4.8534
-2.5807,12.203,5.3984
-11.359,3.0552,0.18738
-6.066,8.9751,-0.46762
-11.292,2.9357,-5.6576
-5.185,8.7615,5.0204
-11.706,8.7262,-0.31962
-11.85,8.5409,5.6034
-12.265,5.5131,-3.2576
-5.5315,10.988,-3.3056
-12.377,5.914,3.0324
-5.5979,11.584,2.4404
-5.6877,6.8163,-3.3896
-12.486,11.453,-3.1706
-11.599,12.323,2.5884
0.1275,11.924,2.8154
-8.8761,11.741,10.562
-8.9298,11.294,5.666
-8.012,5.9062,11.469
-2.8735,11.598,10.906
-11.359,3.0552,11.697
-6.066,8.9751,11.042
-11.292,2.9357,5.852
-11.706,8.7262,11.19
-12.265,5.5131,8.252
-5.5315,10.988,8.204
-5.6877,6.8163,8.12
-12.486,11.453,8.339
9.3127,5.5824,-11.367
3.595,11.924,-11.037
9.1147,5.2147,-5.4209
3.5265,11.188,-5.4149
9.3495,11.398,-10.935
9.394,11.251,-6.0959
12.319,2.7016,-10.87
6.5946,8.4461,-10.734
6.951,8.309,-5.6499
11.973,8.3726,-11.377
11.829,8.1873,-5.4539
11.302,5.5604,-8.0249
6.1307,12.174,-8.1809
12.08,11.97,-8.4689
9.3127,5.5824,0.14275
3.595,11.924,0.47275
9.1147,5.2147,6.0888
3.5265,11.188,6.0948
9.3495,11.398,0.57475
9.394,11.251,5.4138
12.319,2.7016,0.63975
6.5946,8.4461,0.77575
12.387,2.5821,-5.2052
6.951,8.309,5.8598
11.973,8.3726,0.13275
11.829,8.1873,6.0558
11.414,5.1595,-2.8052
6.2729,11.012,-2.3852
11.302,5.5604,3.4848
6.1307,12.174,3.3288
11.193,11.1,-2.7182
1.3945,10.915,-2.6752
6.13,5.6877,-2.8352
12.08,11.97,3.0408
9.3127,5.5824,11.652
3.595,11.924,11.982
9.3495,11.398,12.084
12.319,2.7016,12.149
6.5946,8.4461,12.285
12.387,2.5821,6.3044
11.973,8.3726,11.642
11.414,5.1595,8.7044
6.2729,11.012,9.1244
11.193,11.1,8.7914
1.3945,10.915,8.8344
6.13,5.6877,8.6744
1.2984,10.866,8.9484
6.2149,5.6509,8.6884
0,0,0
-0.25385,-0.31891,-5.563
-5.5946,0.16829,0.007
5.7191,0.10182,-0.08
0.11667,5.7735,-0.51
-0.25385,-0.31891,5.9467
-0.096874,-6.0507,-0.269
-5.7375,-0.24466,5.583
0.79196,-5.6767,-5.7337
0.79196,-5.6767,5.776
0.37406,5.9715,5.64
-5.5244,6.0731,-0.50862
5.5628,6.0677,-0.176
-5.7375,-0.24466,-5.9267
6.1306,-5.5819,-0.284
-6.4609,-5.2337,-0.40375
0.37406,5.9715,-5.8697
6.265,-0.36204,5.692
6.265,-0.36204,-5.8177
-5.7284,-5.6722,5.1322
-5.5508,5.7092,5.581
-5.5508,5.7092,-5.9287
6.2954,5.6293,5.36
6.1042,-5.9458,-5.704
-5.7284,-5.6722,-6.3774
6.1042,-5.9458,5.8056
6.2954,5.6293,-6.1497
-0.07224,-11.116,-0.44475
0,0,11.51
0,0,-11.51
-11.727,0.53885,-0.66937
0.2965,11.84,-0.44162
11.952,0.18526,-0.217
-0.3367,-10.987,-5.7458
-0.3367,-10.987,5.7639
0.11667,5.7735,11
-0.096874,-6.0507,11.241
5.7191,0.10182,11.43
-5.5946,0.16829,-11.503
-5.5946,0.16829,11.517
-6.3047,-11.2,-0.30775
5.7191,0.10182,-11.59
11.687,0.31396,-5.518
6.0604,-11.487,0.23162
-11.752,5.6043,-0.49362
11.927,5.2507,-0.041248
11.687,0.31396,5.9917
-11.907,-5.5279,-0.73775
6.4291,11.47,0.23475
11.772,-5.8815,-0.28538
-5.9359,11.757,-0.30462
-11.992,0.66754,5.5393
-0.096874,-6.0507,-11.779
0.03204,11.969,-5.7426
0.03204,11.969,5.767
0.11667,5.7735,-12.02
-11.992,0.66754,-5.9704
-10.863,5.9784,5.5514
-5.3901,11.293,5.4674
-5.5244,6.0731,11.001
-10.863,5.9784,-5.9583
-6.4609,-5.2337,11.106
-5.3901,11.293,-6.0423
-11.65,-5.3299,5.4122
6.2863,11.057,-5.6989
6.1306,-5.5819,11.226
6.2863,11.057,5.8108
5.5628,6.0677,11.334
-5.7588,-11.663,5.4642
-11.65,-5.3299,-6.0974
5.5628,6.0677,-11.686
-5.7588,-11.663,-6.0454
6.1306,-5.5819,-11.794
12.029,-5.6835,-5.645
5.9176,-11.9,-5.702
5.9176,-11.9,5.8076
-6.4609,-5.2337,-11.913
12.029,-5.6835,5.8646
-5.5244,6.0731,-12.018
12.816,5.6248,-5.5059
12.816,5.6248,6.0038
-0.07224,-11.116,11.065
-11.727,0.53885,10.84
0.2965,11.84,11.068
-0.07224,-11.116,-11.954
11.952,0.18526,11.293
11.655,-11.655,0.22462
-11.655,11.655,-0.22462
-12.024,-11.301,-0.22775
12.024,11.301,0.22775
11.952,0.18526,-11.727
0.2965,11.84,-11.951
-11.727,0.53885,-12.179
11.77,10.983,-5.3352
-11.907,-5.5279,10.772
-6.3047,-11.2,11.202
-11.752,5.6043,11.016
6.0604,-11.487,-11.278
11.77,10.983,6.1744
-5.9359,11.757,11.205
11.772,-5.8815,11.224
6.4291,11.47,-11.275
11.927,5.2507,11.468
11.401,-11.974,-5.3384
-11.909,11.336,5.722
11.927,5.2507,-11.551
-11.909,11.336,-5.7876
-6.3047,-11.2,-11.817
6.0604,-11.487,11.741
6.4291,11.47,11.744
11.401,-11.974,6.1713
11.772,-5.8815,-11.795
-5.9359,11.757,-11.814
-11.752,5.6043,-12.003
-12.278,-11.62,5.7189
-12.278,-11.62,-5.7908
-11.907,-5.5279,-12.247
11.655,-11.655,-11.285
-11.655,11.655,11.285
-12.024,-11.301,11.282
12.024,11.301,-11.282
11.655,-11.655,11.734
-11.655,11.655,-11.734
-12.024,-11.301,-11.737
12.024,11.301,11.737
