-10.11,-9.9335,-9.3034
-9.638,2.4946,-9.0604
-3.7089,-3.6877,-9.1294
-9.8982,-3.1029,-8.8294
-3.7647,-9.8854,-9.4144
2.5868,-9.7302,-9.0604
-10.11,-9.9335,3.591
-9.638,2.4946,3.834
-3.7089,-3.6877,3.765
-9.7306,-9.2144,-2.836
-9.3622,-2.9685,-2.755
-3.2259,-8.8616,-2.228
-9.8982,-3.1029,4.065
-3.7647,-9.8854,3.48
2.5868,-9.7302,3.834
-9.7306,-9.2144,10.058
-9.3622,-2.9685,10.139
-3.2259,-8.8616,10.666
-9.6728,9.4069,-8.8834
-2.909,9.4328,-8.9654
3.0003,3.177,-9.3034
9.4017,9.4229,-9.1294
-3.619,2.8525,-9.0984
2.5519,-2.8178,-8.8834
3.2124,10.008,-8.8294
9.3458,3.2251,-9.4144
9.3157,-2.7919,-8.9654
8.6058,-9.3723,-9.0984
-8.8632,3.7211,-2.805
-2.7262,10.002,-2.756
-8.7797,9.7753,-2.565
-9.6728,9.4069,4.011
-2.909,9.4328,3.929
3.0003,3.177,3.591
9.4017,9.4229,3.765
-2.9543,-2.448,-2.851
3.3616,-8.5037,-2.805
3.38,3.8962,-2.836
9.4986,-2.2224,-2.756
-2.4119,3.6579,-2.298
3.445,-2.4494,-2.565
3.7484,10.142,-2.755
9.8846,4.249,-2.228
-3.619,2.8525,3.796
2.5519,-2.8178,4.011
3.2124,10.008,4.065
9.3458,3.2251,3.48
9.3157,-2.792,3.929
9.8128,-8.5669,-2.298
8.6058,-9.3723,3.796
-8.8632,3.7211,10.089
-2.7262,10.002,10.138
-8.7797,9.7753,10.329
-2.9543,-2.448,10.043
3.3616,-8.5037,10.089
3.38,3.8962,10.058
9.4986,-2.2224,10.138
-2.4119,3.6579,10.596
3.445,-2.4494,10.329
3.7484,10.142,10.139
9.8846,4.249,10.666
9.8128,-8.5669,10.596
10.156,10.663,-2.851
10.156,10.663,10.043
-9.4739,-8.5759,-9.2774
-8.4635,-2.8618,-9.1574
-2.5209,-9.1465,-9.0304
-10.36,-10.573,-2.843
-9.3601,2.3199,-2.84
-3.3468,-3.8842,-2.672
-9.4739,-8.5759,3.617
-8.4635,-2.8618,3.737
-2.5209,-9.1465,3.864
-10.722,-3.5335,-2.94
-4.4832,-9.6521,-2.474
2.8647,-9.9048,-2.84
-10.36,-10.573,10.051
-9.3601,2.3199,10.054
-3.3468,-3.8842,10.222
-10.722,-3.5335,9.9544
-4.4832,-9.6521,10.42
2.8647,-9.9048,10.054
-9.0894,3.8894,-9.2044
-2.1881,10.729,-9.1994
-8.2091,9.7082,-9.0074
-3.136,-2.3129,-8.9444
3.1353,-8.3354,-9.2044
3.6367,4.5347,-9.2774
10.037,-1.4962,-9.1994
-2.2097,3.351,-9.1324
4.0157,-2.5166,-9.0074
4.6471,10.249,-9.1574
10.59,3.964,-9.0304
10.015,-8.8738,-9.1324
-9.0894,3.8894,3.69
-2.1881,10.729,3.695
-8.2091,9.7082,3.887
-9.9726,8.8964,-2.315
-3.3969,8.6903,-2.493
2.7506,2.5371,-2.843
9.7637,9.2263,-2.672
-3.136,-2.3129,3.95
3.1353,-8.3354,3.69
3.6367,4.5347,3.617
10.037,-1.4962,3.695
-2.2097,3.351,3.762
4.0157,-2.5166,3.887
4.6471,10.249,3.737
10.59,3.964,3.864
-3.7639,3.3298,-2.841
2.2521,-3.3284,-2.315
2.3886,9.5771,-2.94
8.6274,3.4585,-2.474
8.8278,-3.5344,-2.493
10.015,-8.8738,3.762
8.4608,-8.895,-2.841
-9.9726,8.8964,10.579
-3.3969,8.6903,10.401
2.7506,2.5371,10.051
9.7637,9.2263,10.222
-3.7639,3.3298,10.053
2.2521,-3.3284,10.579
2.3886,9.5771,9.9544
8.6274,3.4585,10.42
8.8278,-3.5344,10.401
8.4608,-8.895,10.053
9.9745,10.798,-8.9444
9.9745,10.798,3.95
-11.753,2.9785,-6.1594
-11.742,2.9863,-12.168
-12.768,-12.928,-9.4324
-12.014,-0.50638,-9.1564
-6.1795,-6.782,-9.1624
-12.988,-5.5169,-9.0804
-6.8095,-11.735,-9.2964
-12.309,-9.5757,-6.4934
-5.5339,-3.3235,-6.1834
0.47225,-9.2462,-6.1594
-9.5658,-5.9737,-6.1724
-3.6049,-12.13,-6.4404
-12.227,-9.6726,-12.23
-5.5254,-3.117,-12.154
0.48286,-9.2384,-12.168
-13.417,-3.3475,-12.779
-7.5124,-9.2816,-12.7
-9.7801,-13.326,-12.677
-9.3495,-0.78498,-12.888
-3.1616,-6.6999,-12.449
-9.6528,-5.3663,-12.009
-3.5116,-11.857,-12.249
0.21092,-12.731,-9.1564
2.8753,-13.01,-12.888
-13.082,0.79074,-2.568
-12.227,5.7157,-2.458
-11.753,2.9785,6.735
-11.742,2.9863,0.726
-14.079,-12.675,-2.71
-7.214,-6.0685,-2.677
-0.85711,-11.434,-2.568
-12.768,-12.928,3.462
-12.014,-0.50638,3.738
-6.1795,-6.782,3.732
-12.988,-5.5169,3.814
-6.8095,-11.735,3.598
-12.734,-7.1362,-2.619
-6.6957,-13.147,-2.842
-6.0635,-0.81822,-2.854
-0.0022154,-6.509,-2.458
-13.633,-3.2726,-5.462
-7.0393,-9.6005,-5.379
-12.309,-9.5757,6.401
-5.5339,-3.3235,6.711
0.47225,-9.2462,6.735
-9.5658,-5.9737,6.722
-3.6049,-12.13,6.454
-9.9668,-13.434,-5.856
-9.3056,-1.0438,-5.722
-3.0371,-6.9121,-5.459
-12.227,-9.6726,0.664
-5.5254,-3.117,0.74
0.48286,-9.2384,0.726
-13.417,-3.3475,0.115
-7.5124,-9.2816,0.194
-9.7801,-13.326,0.217
-9.3495,-0.78498,0.006
-3.1616,-6.6999,0.445
-9.6528,-5.3663,0.885
-3.5116,-11.857,0.645
0.21092,-12.731,3.738
6.1612,-13.043,-2.854
2.9191,-13.269,-5.722
2.8753,-13.01,0.006
-13.082,0.79074,10.326
-12.227,5.7157,10.436
-11.742,2.9863,13.62
-14.079,-12.675,10.184
-7.214,-6.0685,10.217
-0.85711,-11.434,10.326
-12.734,-7.1362,10.275
-6.6957,-13.147,10.052
-6.0635,-0.81822,10.04
-0.0022154,-6.509,10.436
-13.633,-3.2726,7.4324
-7.0393,-9.6005,7.5154
-9.9668,-13.434,7.0384
-9.3056,-1.0438,7.1724
-3.0371,-6.9121,7.4354
-12.227,-9.6726,13.558
-5.5254,-3.117,13.634
0.48286,-9.2384,13.62
-13.417,-3.3475,13.009
-7.5124,-9.2816,13.088
-9.7801,-13.326,13.111
-9.3495,-0.78498,12.9
-3.1616,-6.6999,13.339
-9.6528,-5.3663,13.779
-3.5116,-11.857,13.539
6.1612,-13.043,10.04
2.9191,-13.269,7.1724
2.8753,-13.01,12.9
-11.883,12.407,-9.4324
-12.758,7.0897,-9.0354
-5.9237,13.6,-9.2964
-5.0151,9.5081,-6.1194
-9.1962,6.8642,-6.1424
-2.7191,13.206,-6.4404
-5.1403,9.6672,-11.981
-13.29,9.279,-12.455
-8.8943,12.01,-12.677
-9.0597,7.2793,-11.642
-2.6258,13.478,-12.249
-5.0445,6.0557,-9.1584
0.34224,0.18243,-9.4324
1.0967,12.604,-9.1564
6.9311,6.3286,-9.1624
-6.6341,0.57841,-9.3344
-0.53316,-5.135,-9.0354
0.12233,7.5936,-9.0804
6.301,1.3753,-9.2964
0.80115,3.5348,-6.4934
7.2097,-2.7167,-6.1194
7.5766,9.7871,-6.1834
13.583,3.8643,-6.1594
-3.0922,0.80115,-6.2714
3.0285,-5.3606,-6.1424
3.5447,7.1368,-6.1724
9.5056,0.98076,-6.4404
0.88388,3.438,-12.23
7.0845,-2.5576,-11.981
7.5851,9.9935,-12.154
13.593,3.8721,-12.168
-7.0463,3.334,-12.664
-1.0649,-2.9458,-12.455
-0.30618,9.763,-12.779
5.5982,3.829,-12.7
-2.8687,5.7042,-12.633
3.3305,-0.21496,-12.677
3.7611,12.326,-12.888
9.949,6.4106,-12.449
-3.1247,0.9256,-12.061
3.165,-4.9455,-11.642
3.4578,7.7442,-12.009
9.599,1.2537,-12.249
7.1803,-6.1691,-9.1584
12.567,-12.042,-9.4324
13.321,0.37942,-9.1564
5.5907,-11.646,-9.3344
12.347,-4.6311,-9.0804
13.026,-8.6899,-6.4934
9.1326,-11.424,-6.2714
13.109,-8.7868,-12.23
5.1784,-8.8907,-12.664
11.919,-2.4617,-12.779
9.356,-6.5205,-12.633
9.1001,-11.299,-12.061
-13.193,12.66,-2.71
-6.7567,6.7906,-2.438
0.028698,13.901,-2.568
-11.883,12.407,3.462
-12.758,7.0897,3.859
-5.9237,13.6,3.598
-5.8099,12.188,-2.842
-13.131,9.3313,-5.664
-5.0151,9.5081,6.775
-9.1962,6.8642,6.752
-2.7191,13.206,6.454
-9.081,11.901,-5.856
-5.1403,9.6672,0.913
-13.29,9.2789,0.439
-8.8943,12.01,0.217
-9.0597,7.2793,1.252
-2.6258,13.478,0.645
-0.96874,0.43558,-2.71
5.4681,-5.4341,-2.438
5.8966,7.0421,-2.677
12.253,1.6766,-2.568
-5.0445,6.0557,3.736
0.34224,0.18243,3.462
1.0967,12.604,3.738
6.9311,6.3286,3.732
-6.6341,0.57841,3.56
-0.53316,-5.135,3.859
0.12233,7.5936,3.814
6.301,1.3753,3.598
0.37689,5.9743,-2.619
6.4149,-0.03677,-2.842
7.047,12.292,-2.854
13.108,6.6015,-2.458
-6.7635,3.2774,-5.736
-0.90651,-2.8935,-5.664
-0.52255,9.838,-5.462
6.0712,3.5101,-5.379
0.80115,3.5348,6.401
7.2097,-2.7167,6.775
7.5766,9.7871,6.711
13.583,3.8643,6.735
-3.0922,0.80115,6.623
3.0285,-5.3606,6.752
3.5447,7.1368,6.722
9.5056,0.98076,6.454
-2.7372,5.5628,-5.449
3.1438,-0.32385,-5.856
3.8049,12.067,-5.722
10.073,6.1985,-5.459
0.88388,3.438,0.664
7.0845,-2.5576,0.913
7.5851,9.9935,0.74
13.593,3.8721,0.726
-7.0463,3.334,0.23
-1.0649,-2.9458,0.439
-0.30618,9.763,0.115
5.5982,3.829,0.194
-2.8687,5.7042,0.261
3.3305,-0.21496,0.217
3.7611,12.326,0.006
9.949,6.4106,0.445
-3.1247,0.9256,0.833
3.165,-4.9455,1.252
3.4578,7.7442,0.885
9.599,1.2537,0.645
11.256,-11.789,-2.71
7.1803,-6.1691,3.736
12.567,-12.042,3.462
13.321,0.37942,3.738
5.5907,-11.646,3.56
12.347,-4.6311,3.814
12.602,-6.2504,-2.619
5.4613,-8.9473,-5.736
11.702,-2.3868,-5.462
13.026,-8.6899,6.401
9.1326,-11.424,6.623
9.4875,-6.6619,-5.449
13.109,-8.7868,0.664
5.1784,-8.8907,0.23
11.919,-2.4617,0.115
9.356,-6.5205,0.261
9.1001,-11.299,0.833
-13.193,12.66,10.184
-6.7567,6.7906,10.456
0.028698,13.901,10.326
-5.8099,12.188,10.052
-13.131,9.3313,7.2304
-9.081,11.901,7.0384
-5.1403,9.6671,13.807
-13.29,9.2789,13.333
-8.8943,12.01,13.111
-9.0597,7.2792,14.146
-2.6258,13.478,13.539
-0.96874,0.43558,10.184
5.4681,-5.4341,10.456
5.8966,7.0421,10.217
12.253,1.6765,10.326
0.37689,5.9743,10.275
6.4149,-0.036771,10.052
7.047,12.292,10.04
13.108,6.6015,10.436
-6.7635,3.2774,7.1584
-0.90651,-2.8935,7.2304
-0.52255,9.838,7.4324
6.0712,3.5101,7.5154
-2.7372,5.5628,7.4454
3.1438,-0.32386,7.0384
3.8049,12.067,7.1724
10.073,6.1985,7.4354
0.88388,3.438,13.558
7.0845,-2.5576,13.807
7.5851,9.9935,13.634
13.593,3.8721,13.62
-7.0463,3.334,13.124
-1.0649,-2.9458,13.333
-0.30618,9.763,13.009
5.5982,3.829,13.088
-2.8687,5.7042,13.155
3.3305,-0.21496,13.111
3.7611,12.326,12.9
9.949,6.4106,13.339
-3.1247,0.9256,13.727
3.165,-4.9455,14.146
3.4578,7.7442,13.779
9.599,1.2537,13.539
11.256,-11.789,10.184
12.602,-6.2504,10.275
5.4613,-8.9473,7.1584
11.702,-2.3868,7.4324
9.4875,-6.6619,7.4454
13.109,-8.7868,13.558
5.1784,-8.8907,13.124
11.919,-2.4617,13.009
9.356,-6.5205,13.155
9.1001,-11.299,13.727
13.453,13.293,-9.4324
6.4765,13.689,-9.3344
12.577,7.9756,-9.0354
10.018,13.912,-6.2714
12.046,10.165,-12.455
9.9859,14.036,-12.061
12.142,13.546,-2.71
13.453,13.293,3.462
6.4765,13.689,3.56
12.577,7.9756,3.859
12.204,10.217,-5.664
10.018,13.912,6.623
12.046,10.165,0.439
9.9859,14.036,0.833
12.142,13.546,10.184
12.204,10.217,7.2304
12.046,10.165,13.333
9.9859,14.036,13.727
0,0,0
0.20435,-6.1285,0.76
-6.1759,0.097581,0.456
0.18173,0.18031,6.445
0.18173,0.18031,-6.4494
0.38184,6.5068,0.598
6.4997,0.6166,0.589
6.05,-5.7417,0.54
-0.030406,-5.9404,-5.892
-6.1265,-0.25041,-5.876
6.3611,0.33517,-5.838
-6.1747,6.483,0.54
0.34365,6.8236,-6.0134
-6.4383,-6.4242,0.616
-0.030406,-5.9404,7.0024
-6.1265,-0.25041,7.0184
6.6723,6.6864,0.616
6.3611,0.33517,7.0564
0.34365,6.8236,6.881
-5.7071,6.2897,-6.2704
-6.3796,-6.3923,-5.812
-5.7071,6.2897,6.624
6.5177,-5.935,-6.2704
6.5177,-5.935,6.624
6.7309,6.7182,-5.812
-6.3796,-6.3923,7.0824
6.7309,6.7182,7.0824
-12.39,-0.16556,0.47
-0.16526,-12.39,0.47
1.1863e-15,1.4142e-06,-12.894
-1.1863e-15,-1.4142e-06,12.894
0.72054,12.945,0.47
12.945,0.72025,0.47
-12.02,6.0963,0.76
-0.42082,-12.314,-5.578
6.0489,-12.127,0.456
0.20435,-6.1285,-12.134
-12.646,-0.089603,-5.578
12.607,-5.718,0.598
12.69,0.7962,-5.578
-6.1759,0.097582,-12.438
0.38184,6.5068,-12.296
6.4997,0.6166,-12.305
-5.725,12.841,0.589
-6.6108,-12.494,0.589
0.46498,13.021,-5.578
-0.42082,-12.314,7.3164
-12.729,-6.6038,0.598
-12.646,-0.089605,7.3164
12.69,0.7962,7.3164
-6.1759,0.097579,13.35
6.05,-5.7417,-12.354
6.9347,13.208,0.456
0.46498,13.021,7.3164
12.568,-5.4012,-6.0134
0.20435,-6.1285,13.654
-12.255,6.2844,-5.892
6.4997,0.6166,13.483
0.38184,6.5068,13.492
-5.8636,12.56,-5.838
13.315,6.9821,0.76
6.0983,-12.475,-5.876
-6.1747,6.483,-12.354
-6.4383,-6.4242,-12.278
12.568,-5.4012,6.881
-12.767,-6.287,-6.0134
-12.255,6.2843,7.0024
6.6723,6.6864,-12.278
-5.8636,12.56,7.0564
6.0983,-12.475,7.0184
-6.7494,-12.775,-5.838
6.9841,12.86,-5.876
-12.767,-6.287,6.881
6.05,-5.7417,13.434
13.08,7.1702,-5.892
-6.7494,-12.775,7.0564
-6.1747,6.483,13.434
6.9841,12.86,7.0184
-6.4383,-6.4242,13.51
13.08,7.1702,7.0024
6.6723,6.6864,13.51
-12.225,12.225,-1.0586e-15
12.225,-12.225,1.0586e-15
-12.39,-0.16556,-12.424
-0.16526,-12.39,-12.424
0.72054,12.945,-12.424
12.945,0.72025,-12.424
-12.02,6.0963,-12.134
-12.39,-0.16556,13.364
-0.16526,-12.39,13.364
6.0489,-12.127,-12.438
-12.043,12.405,6.445
-12.043,12.405,-6.4494
12.406,-12.044,6.445
12.406,-12.044,-6.4494
12.607,-5.718,-12.296
-13.111,-13.111,0
13.111,13.111,0
0.72054,12.945,13.364
12.945,0.72025,13.364
-5.725,12.841,-12.305
-6.6108,-12.494,-12.305
-12.729,-6.6038,-12.296
6.0489,-12.127,13.35
-12.02,6.0963,13.654
13.315,6.9821,-12.134
12.607,-5.718,13.492
-12.929,-12.93,6.445
-12.929,-12.93,-6.4494
6.9347,13.208,-12.438
-5.725,12.841,13.483
-6.6108,-12.494,13.483
-12.729,-6.6038,13.492
13.292,13.291,6.445
13.292,13.291,-6.4494
6.9347,13.208,13.35
13.315,6.9821,13.654
12.225,-12.225,-12.894
-12.225,12.225,12.894
-12.225,12.225,-12.894
12.225,-12.225,12.894
-13.111,-13.111,-12.894
13.111,13.111,12.894
-13.111,-13.111,12.894
13.111,13.111,-12.894
