-4.0626,-9.0803,-8.4958
-9.0796,-10.528,-8.9238
-4.0631,-9.079,4.6815
-9.08,-10.526,4.2535
-3.508,-9.6709,-3.5445
-8.8961,-4.253,-3.0835
-9.2497,-9.2551,-2.9755
-3.5084,-9.6695,9.6327
-8.8966,-4.2517,10.094
-9.2501,-9.2538,10.202
9.6457,-9.3793,-9.5793
9.5835,-3.1328,-10.183
9.6453,-9.378,3.5979
9.5831,-3.1314,2.9939
8.9339,-9.2889,-2.8661
9.6658,-3.596,-2.9471
8.9335,-9.2876,10.311
9.6654,-3.5947,10.23
8.6116,3.5922,-8.4962
-8.9607,-2.9888,-9.1462
3.6357,-3.3636,-10.121
-2.9567,3.2245,-9.5812
2.9561,-8.8161,-9.3532
-2.8732,-2.1523,-10.028
-3.0189,9.4711,-10.185
3.5947,2.1448,-8.9242
8.6111,3.5935,4.681
-8.9612,-2.9875,4.031
3.6352,-3.3623,3.056
-2.9571,3.2258,3.596
2.9557,-8.8148,3.824
-2.8737,-2.151,3.149
-3.0193,9.4724,2.992
3.5942,2.1461,4.253
2.5866,-3.5483,-2.966
-3.6685,3.3149,-2.868
9.1662,3.0017,-3.545
3.7781,8.4195,-3.084
3.392,-8.3531,-2.957
-3.9216,-2.8468,-3.164
-2.9366,9.0078,-2.949
3.4245,3.4174,-2.976
2.5862,-3.5469,10.211
-3.6689,3.3162,10.309
9.1658,3.003,9.6322
3.7776,8.4208,10.093
3.3916,-8.3517,10.22
-3.922,-2.8455,10.013
-2.937,9.0091,10.228
3.4241,3.4188,10.201
-8.9667,9.2402,-10.123
-9.6463,3.7877,-9.3551
-8.9672,9.2416,3.0541
-9.6467,3.7891,3.8221
-10.016,9.0556,-2.9679
-9.2104,4.2508,-2.9589
-10.016,9.0569,10.209
-9.2108,4.2521,10.218
3.7135,9.6837,-9.1467
9.801,10.52,-10.029
3.713,9.685,4.0305
9.8005,10.522,3.1485
8.7526,9.8257,-3.1645
8.7522,9.827,10.013
-10.332,-2.5297,-9.5308
-9.3956,-9.1595,-8.5028
-10.332,-2.5284,3.6465
-9.3961,-9.1582,4.6745
-9.8154,-9.33,-1.5655
-9.8158,-9.3287,11.612
9.5382,-8.6765,-10.868
4.1359,-8.8547,-10.272
10.09,-2.7219,-8.8353
9.5378,-8.6752,2.3089
4.1355,-8.8534,2.9049
10.09,-2.7206,4.3419
10.256,-8.6066,-3.1901
10.985,-2.8189,-3.0661
10.255,-8.6053,9.9871
10.984,-2.8176,10.111
4.1094,-2.0837,-9.5932
-3.0642,3.9274,-10.87
-3.5188,-8.179,-9.6122
2.3424,10.143,-9.5312
-3.1731,-2.1891,-11.489
-8.4665,3.7492,-10.274
3.2786,3.513,-8.5032
-2.5119,9.8819,-8.8372
4.109,-2.0824,3.584
-3.0646,3.9287,2.307
-3.5193,-8.1777,3.565
2.3419,10.144,3.646
-3.1735,-2.1878,1.688
-8.4669,3.7505,2.903
3.2781,3.5143,4.674
-2.5124,9.8832,4.34
-3.2605,-8.8664,-2.27
-9.0001,-3.148,-2.091
3.7618,-2.5696,-3.131
-2.3469,3.9973,-3.192
-3.0413,-4.0496,-3.234
2.7952,-8.9088,-4.226
2.8588,3.3425,-1.566
-1.6179,9.7849,-3.068
-3.2609,-8.8651,10.907
-9.0005,-3.1467,11.086
3.7614,-2.5683,10.046
-2.3473,3.9986,9.9852
-3.0417,-4.0483,9.9432
2.7948,-8.9075,8.9512
2.8584,3.3438,11.611
-1.6183,9.7863,10.109
-8.493,10.52,-9.5951
-8.4934,10.521,3.5821
-8.8406,10.034,-3.1329
-9.8072,3.695,-4.2279
-8.841,10.036,10.044
-9.8076,3.6963,8.9493
9.1554,4.4935,-9.6127
9.5011,10.483,-11.49
9.1549,4.4948,3.5645
9.5007,10.485,1.6875
9.4137,3.8061,-2.2705
3.6742,9.5245,-2.0915
9.6329,8.6229,-3.2345
9.4133,3.8074,10.907
3.6737,9.5258,11.086
9.6325,8.6242,9.9428
-5.3687,-12.424,-9.6098
-12.499,-5.6106,-9.5088
-0.71024,-12.523,-9.4148
-12.213,-13.169,-9.4698
-9.5109,-5.9853,-6.7818
-6.3247,-9.0598,-12.296
-12.201,-2.9327,-12.806
-12.73,-9.3405,-12.401
-9.4246,-12.776,-13.362
-2.9942,-12.144,-13.634
-9.5943,-6.1678,-12.4
-12.82,-11.404,-2.7645
-6.2636,-6.4995,-3.0255
-5.3691,-12.423,3.5675
-12.5,-5.6092,3.6685
-0.71067,-12.522,3.7625
-12.213,-13.168,3.7075
-5.787,-13.028,-3.0975
-12.121,-6.5377,-2.9955
-9.6846,-13.498,-6.0925
-3.1049,-12.61,-6.1055
-9.5113,-5.984,6.3955
-12.171,-9.7182,-6.5345
-6.3251,-9.0585,0.88146
-12.202,-2.9314,0.37146
-7.1595,-9.6044,-6.0275
-12.767,-3.0764,-6.1265
-12.731,-9.3392,0.77646
-9.4251,-12.775,-0.18454
-2.9946,-12.143,-0.45654
-9.5948,-6.1664,0.77746
-12.82,-11.403,10.413
-6.264,-6.4982,10.152
-5.7874,-13.026,10.08
-12.122,-6.5364,10.182
-9.685,-13.497,7.0847
-3.1054,-12.608,7.0717
-12.171,-9.7169,6.6427
-6.3255,-9.0572,14.059
-12.202,-2.9301,13.549
-7.1599,-9.6031,7.1497
-12.767,-3.0751,7.0507
-12.731,-9.3379,13.954
-9.4255,-12.774,12.993
-2.9951,-12.142,12.721
-9.5952,-6.1651,13.955
-13.313,0.080611,-9.4167
-13.313,0.081927,3.7606
6.707,-12.266,-9.7733
12.777,-5.5419,-9.5073
13.064,-13.1,-9.4683
6.3456,-6.4116,-9.5373
2.9162,-12.825,-6.7783
6.5649,-9.001,-13.366
13.075,-2.8641,-12.804
12.546,-9.2719,-12.399
3.0951,-11.963,-12.001
9.5142,-5.882,-13.207
9.5559,-11.824,-12.943
12.457,-11.335,-2.7631
6.7065,-12.264,3.4039
12.777,-5.5406,3.6699
13.063,-13.099,3.7089
6.3452,-6.4103,3.6399
5.0413,-12.743,-3.2921
13.155,-6.469,-2.9941
2.9157,-12.824,6.3989
9.262,-6.824,-6.3651
9.1828,-12.362,-5.8501
13.106,-9.6496,-6.5331
6.5644,-8.9997,-0.1891
13.075,-2.8627,0.3729
5.3835,-9.3278,-6.2471
12.51,-3.0077,-6.1251
12.546,-9.2705,0.7779
3.0946,-11.962,1.1759
9.5138,-5.8807,-0.030097
9.5555,-11.822,0.2339
12.456,-11.334,10.414
5.0409,-12.742,9.8851
13.155,-6.4677,10.183
9.2616,-6.8226,6.8121
9.1824,-12.361,7.3271
13.105,-9.6482,6.6441
6.564,-8.9984,12.988
13.074,-2.8614,13.55
5.3831,-9.3265,6.9301
12.509,-3.0064,7.0521
12.545,-9.2692,13.955
3.0942,-11.96,14.353
9.5133,-5.8794,13.147
9.555,-11.821,13.411
-0.044114,-5.2346,-9.7752
-5.8954,0.3381,-9.7752
7.3056,0.24829,-9.6102
0.17509,7.062,-9.5092
-5.1395,-4.8839,-9.6252
11.964,0.1493,-9.4152
0.46147,-0.49629,-9.4702
-6.2568,6.1922,-9.5392
-9.6862,-0.22123,-6.7802
3.1633,6.6872,-6.7822
0.030132,-9.1725,-6.9542
6.6204,-3.0461,-7.2052
-0.72294,-2.863,-14.197
-6.0376,3.6028,-13.368
6.3495,3.6127,-12.296
0.47278,9.7398,-12.806
0.12135,-9.0318,-12.782
-6.167,-2.4126,-13.074
6.7045,-2.6791,-12.872
-0.056135,3.332,-12.401
-2.9694,-5.9085,-13.43
-9.5073,0.64074,-12.003
3.2496,-0.10385,-13.362
-3.0882,6.7219,-13.209
3.3351,-6.1701,-12.658
-3.0465,0.78004,-12.945
9.68,0.52831,-13.634
3.0799,6.5048,-12.4
-0.14566,1.2685,-2.765
6.2742,-5.1032,-3.263
6.4106,6.173,-3.026
0.51902,-11.577,-2.878
-0.044548,-5.2333,3.402
-5.8959,0.33941,3.402
7.3051,0.24961,3.567
0.17466,7.0633,3.668
-5.14,-4.8826,3.552
11.964,0.15061,3.762
0.46103,-0.49497,3.707
-6.2572,6.1935,3.638
-0.42921,-6.7578,-3.293
-7.5611,-0.1393,-3.294
6.8872,-0.35497,-3.098
0.55296,6.1349,-2.996
-3.4012,-6.3866,-6.076
-9.6867,-0.21991,6.397
2.9896,-0.8259,-6.093
-3.3404,5.7799,-6.367
2.9225,-5.3988,-6.359
-3.4196,0.24183,-5.852
9.5693,0.062933,-6.106
3.1629,6.6885,6.395
0.029698,-9.1712,6.223
-6.5252,-3.0886,-6.157
6.6199,-3.0448,5.972
0.50346,2.9543,-6.535
-0.72337,-2.8617,-1.02
-6.038,3.6041,-0.191
6.3491,3.614,0.881
0.47235,9.7411,0.371
-1.1087,-2.9288,-5.783
-7.2189,3.276,-6.249
5.5147,3.0681,-6.028
-0.092631,9.5961,-6.127
0.12092,-9.0305,0.395
-6.1674,-2.4112,0.103
6.7041,-2.6778,0.305
-0.056569,3.3333,0.776
-2.9698,-5.9072,-0.253
-9.5078,0.64205,1.174
3.2492,-0.10253,-0.185
-3.0886,6.7232,-0.032
3.3347,-6.1688,0.519
-3.0469,0.78135,0.232
9.6796,0.52962,-0.457
3.0795,6.5061,0.777
-0.1461,1.2699,10.412
6.2737,-5.1019,9.9142
6.4102,6.1744,10.151
0.51858,-11.575,10.299
-0.42965,-6.7565,9.8842
-7.5615,-0.13798,9.8832
6.8868,-0.35365,10.079
0.55252,6.1362,10.181
-3.4016,-6.3853,7.1012
2.9892,-0.82458,7.0842
-3.3408,5.7812,6.8102
2.922,-5.3974,6.8182
-3.42,0.24315,7.3252
9.5688,0.064248,7.0712
-6.5256,-3.0873,7.0202
0.50303,2.9556,6.6422
-0.7238,-2.8603,12.157
-6.0384,3.6054,12.986
6.3487,3.6153,14.058
0.47191,9.7424,13.548
-1.1092,-2.9275,7.3942
-7.2193,3.2773,6.9282
5.5143,3.0695,7.1492
-0.093064,9.5975,7.0502
0.12048,-9.0291,13.572
-6.1678,-2.4099,13.28
6.7036,-2.6765,13.482
-0.057002,3.3346,13.953
-2.9703,-5.9059,12.924
-9.5082,0.64337,14.351
3.2487,-0.10121,12.992
-3.0891,6.7245,13.145
3.3343,-6.1675,13.696
-3.0474,0.78267,13.409
9.6792,0.53094,12.72
3.079,6.5074,13.954
-12.647,7.3692,-9.7771
-5.2968,12.852,-9.6121
-0.63843,12.753,-9.4171
-12.141,12.108,-9.4721
-12.572,3.4314,-6.9561
-5.982,9.5577,-7.2071
-13.325,9.7409,-14.199
-12.481,3.5721,-12.784
-5.8979,9.9247,-12.874
-9.3528,12.5,-13.364
-9.2673,6.4337,-12.66
-2.9224,13.132,-13.636
-12.748,13.872,-2.7669
-6.3282,7.5007,-3.2649
-12.083,1.0271,-2.8799
-12.647,7.3705,3.4001
-5.2973,12.853,3.5651
-0.63886,12.754,3.7601
-12.141,12.109,3.7051
-13.032,5.846,-3.2949
-5.7152,12.249,-3.0999
-9.6128,11.778,-6.0949
-9.6799,7.2051,-6.3609
-3.0331,12.667,-6.1079
-12.573,3.4327,6.2211
-5.9825,9.559,5.9701
-13.326,9.7422,-1.0219
-13.711,9.675,-5.7849
-12.481,3.5734,0.3931
-5.8983,9.926,0.3031
-9.3532,12.501,-0.1869
-9.2677,6.435,0.5171
-2.9228,13.133,-0.4589
-12.749,13.874,10.41
-6.3287,7.502,9.9123
-12.084,1.0284,10.297
-13.032,5.8473,9.8823
-5.7156,12.25,10.077
-9.6132,11.779,7.0823
-9.6804,7.2064,6.8163
-3.0336,12.668,7.0693
-13.326,9.7435,12.155
-13.712,9.6763,7.3923
-12.482,3.5747,13.57
-5.8988,9.9273,13.48
-9.3537,12.503,12.99
-9.2681,6.4364,13.694
-2.9233,13.135,12.718
12.63,7.4379,-9.7757
6.7788,13.011,-9.7757
7.5347,7.7886,-9.6257
13.136,12.176,-9.4707
2.988,12.451,-6.7807
12.704,3.5,-6.9547
11.951,9.8096,-14.198
12.796,3.6408,-12.783
6.5073,10.26,-13.075
9.7048,6.764,-13.431
3.1669,13.313,-12.004
9.6277,13.453,-12.946
12.529,13.941,-2.7655
13.193,1.0958,-2.8785
12.63,7.4392,3.4015
6.7784,13.012,3.4015
7.5343,7.79,3.5515
13.135,12.178,3.7065
12.245,5.9147,-3.2935
5.1131,12.533,-3.2945
9.273,6.2859,-6.0765
2.9876,12.453,6.3965
9.2546,12.914,-5.8525
12.704,3.5014,6.2225
6.149,9.5839,-6.1575
11.951,9.8109,-1.0205
11.565,9.7437,-5.7835
12.795,3.6421,0.39454
6.5068,10.261,0.10254
9.7044,6.7654,-0.25346
3.1665,13.315,1.1735
9.6273,13.454,0.23154
12.528,13.942,10.412
13.193,1.0971,10.299
12.245,5.916,9.8838
5.1127,12.535,9.8828
9.2726,6.2873,7.1008
9.2542,12.916,7.3248
6.1486,9.5852,7.0198
11.95,9.8122,12.157
11.565,9.745,7.3938
12.795,3.6434,13.572
6.5064,10.263,13.28
9.7039,6.7667,12.924
3.166,13.316,14.351
9.6269,13.455,13.409
0.59082,13.7,-2.8804
0.59039,13.701,10.297
0,0,0
0.046669,-5.8732,0.392
-0.14354,-0.17041,-6.314
-6.3944,0.4773,0.405
0.18526,6.4333,0.44
6.4559,0.47518,0.611
-0.14398,-0.1691,6.8632
6.0811,0.08061,-5.849
6.2459,-5.816,0.205
-6.3003,-5.8775,0.959
-0.22627,-5.9878,-6.395
-6.5054,0.26729,-5.894
0.13081,6.3392,-6.329
-0.22671,-5.9865,6.7822
-6.3565,6.7879,0.2031
0.13038,6.3405,6.8482
6.3739,6.7951,0.95854
6.0807,0.081926,7.3282
-6.5058,0.2686,7.2832
6.0147,-6.132,-6.349
6.154,6.4142,-5.972
-6.5203,-6.2584,-5.9715
6.0142,-6.1307,6.8282
-6.5878,6.4718,-6.3509
6.1535,6.4155,7.2052
-6.5882,6.4731,6.8263
-6.5207,-6.2571,7.2057
-0.044548,-12.152,0.785
12.63,0.5209,0.78454
-12.647,0.45222,0.7831
0.02726,13.125,0.78264
0.00043346,-0.0013159,-13.177
-0.00043346,0.0013159,13.177
0.11314,-11.884,-5.878
6.208,-12.127,0.4069
-6.2183,-12.197,0.61146
-12.489,0.72021,-5.8799
0.1127,-11.882,7.2992
-12.489,-6.2393,0.44046
0.047103,-5.8745,-12.785
12.787,0.7889,-5.8785
6.4563,0.47386,-12.566
12.788,-6.1706,0.4419
-12.556,6.7306,0.3901
0.1857,6.4319,-12.737
-6.3939,0.47598,-12.772
12.721,6.7993,0.39154
-6.1465,13.079,0.6091
-12.49,0.72153,7.2973
6.2798,13.15,0.40454
0.18495,13.393,-5.8804
12.787,0.79021,7.2988
0.046236,-5.8719,13.569
-6.2999,-5.8788,-12.218
6.097,-12.337,-5.8921
-6.3948,0.47861,13.582
0.18483,6.4346,13.617
6.4555,0.47649,13.788
0.18451,13.394,7.2969
6.3743,6.7937,-12.219
-6.5931,-12.592,-5.8485
-12.543,-6.3333,-6.3285
-6.5213,12.684,-5.8509
6.1688,12.94,-5.8945
12.448,6.6848,-6.3955
6.2463,-5.8173,-12.972
12.733,-6.2646,-6.3271
6.0966,-12.335,7.2851
-12.544,-6.332,6.8487
12.448,6.6861,6.7818
12.733,-6.2633,6.8501
-12.829,6.6161,-6.3969
6.2454,-5.8146,13.382
-12.829,6.6174,6.7803
-6.3561,6.7866,-12.974
-6.5935,-12.591,7.3287
-6.5217,12.686,7.3263
6.1684,12.941,7.2828
-6.357,6.7892,13.38
-6.3008,-5.8762,14.136
6.3735,6.7964,14.136
-0.044114,-12.153,-12.392
12.63,0.51959,-12.393
-12.647,0.4509,-12.394
12.602,-12.604,0.001903
-12.602,12.604,-0.001903
-12.674,-12.673,0.000461
12.674,12.673,-0.000461
0.027694,13.123,-12.395
-0.044981,-12.15,13.962
-6.2179,-12.199,-12.566
6.2085,-12.128,-12.77
12.531,12.502,-6.3145
12.629,0.52222,13.962
-12.647,0.45353,13.96
-12.746,12.433,-6.3159
-12.489,-6.2406,-12.737
12.459,-12.774,-6.3121
12.53,12.503,6.8628
12.788,-6.1719,-12.735
-12.746,12.435,6.8613
12.458,-12.773,6.8651
-12.555,6.7293,-12.787
-6.1461,13.078,-12.568
0.026827,13.126,13.96
-12.818,-12.843,-6.3135
6.2076,-12.125,13.584
12.721,6.798,-12.786
6.2803,13.149,-12.773
-12.818,-12.842,6.8637
-6.2188,-12.196,13.789
-12.489,-6.238,13.618
-12.556,6.7319,13.567
12.787,-6.1693,13.619
12.72,6.8006,13.569
6.2794,13.151,13.582
-6.147,13.08,13.786
12.603,-12.605,-13.175
-12.603,12.605,13.175
12.602,-12.603,13.179
-12.602,12.603,-13.179
-12.675,-12.671,13.178
12.675,12.671,-13.178
-12.674,-12.674,-13.177
12.674,12.674,13.177
