-9.564,-9.6503,-8.5192
-9.564,-9.6503,3.049
-8.9446,7.4696,-8.9112
-8.8289,1.4948,-9.2882
-3.4436,-3.8311,-8.7112
-3.0915,7.7471,-8.3772
2.5124,2.4261,-8.5192
-9.587,-3.6911,-8.5502
-3.9259,-9.1669,-8.8242
-3.3906,2.1178,-8.7152
1.8922,-3.3672,-8.9112
2.0079,-9.342,-9.2882
7.7453,-3.0898,-8.3772
7.4462,-8.7191,-8.7152
-7.6336,8.4822,-2.893
-8.9446,7.4696,2.657
-8.8289,1.4948,2.28
-3.4436,-3.8311,2.857
-3.0915,7.7471,3.191
2.5124,2.4261,3.049
-8.4301,-8.4499,-2.674
-2.535,-2.4063,-3.091
-7.9613,2.8673,-2.837
-8.4669,-2.9953,-3.103
-3.0102,-8.4478,-2.747
-2.1821,3.1084,-2.804
3.2032,-2.3547,-2.893
-9.587,-3.6911,3.018
-3.9259,-9.1669,2.744
-3.3906,2.1178,2.853
1.8922,-3.3672,2.657
2.0079,-9.342,2.28
7.7453,-3.0898,3.191
2.8755,-7.9695,-2.837
8.6547,-7.7284,-2.804
7.4462,-8.7191,2.853
-7.6336,8.4822,8.6752
-8.4301,-8.4499,8.8942
-2.535,-2.4063,8.4772
-7.9613,2.8673,8.7312
-8.4669,-2.9953,8.4652
-3.0102,-8.4478,8.8212
-2.1821,3.1084,8.7642
3.2032,-2.3547,8.6752
2.8755,-7.9695,8.7312
8.6547,-7.7284,8.7642
8.6328,8.2453,-8.7112
2.4894,8.3853,-8.5502
8.1505,2.9095,-8.8242
-2.0357,9.2025,-2.882
8.6328,8.2453,2.857
3.6463,3.6265,-2.674
8.8011,-1.6344,-2.882
9.5414,9.6701,-3.091
3.6095,9.0811,-3.103
9.0662,3.6286,-2.747
2.4894,8.3853,3.018
8.1505,2.9095,2.744
-2.0357,9.2025,8.6862
3.6463,3.6265,8.8942
8.8011,-1.6344,8.6862
9.5414,9.6701,8.4772
3.6095,9.0811,8.4652
9.0662,3.6286,8.8212
-9.0556,-9.7939,-2.915
-9.0556,-9.7939,8.6532
-8.649,2.7716,-8.5272
-7.5587,7.9886,-8.7342
-8.7794,-8.375,-8.4432
-2.7712,-2.4926,-8.6162
2.1878,-8.0653,-8.5272
-8.1529,-3.3545,-8.7732
-2.5725,-8.532,-8.8452
-2.0655,2.8051,-8.6032
3.2781,-2.8482,-8.7342
8.7714,-8.0317,-8.6032
-8.649,2.7716,3.041
-7.5587,7.9886,2.834
-8.9538,7.8182,-2.704
-8.3757,1.4602,-3.132
-3.0179,-3.7887,-2.809
-2.6898,7.8418,-2.797
3.0208,2.2825,-2.915
-8.7794,-8.375,3.125
-2.7712,-2.4926,2.952
2.1878,-8.0653,3.041
-8.1529,-3.3545,2.795
-2.5725,-8.532,2.723
-2.0655,2.8051,2.965
3.2781,-2.8482,2.834
-9.5028,-4.0439,-2.826
-4.2037,-9.2468,-3.167
-3.4641,2.4204,-3.064
1.883,-3.0186,-2.704
2.4611,-9.3767,-3.132
8.147,-2.995,-2.797
8.7714,-8.0317,2.965
7.3727,-8.4164,-3.064
-8.9538,7.8182,8.8642
-8.3757,1.4602,8.4362
-3.0179,-3.7887,8.7592
-2.6898,7.8418,8.7712
3.0208,2.2825,8.6532
-9.5028,-4.0439,8.7422
-4.2037,-9.2468,8.4012
-3.4641,2.4204,8.5042
1.883,-3.0186,8.8642
2.4611,-9.3767,8.4362
8.147,-2.995,8.7712
7.3727,-8.4164,8.5042
-2.3193,8.9571,-8.7782
3.297,3.7014,-8.4432
8.5175,-1.8798,-8.7782
9.3052,9.5839,-8.6162
3.9235,8.7219,-8.7732
9.5039,3.5445,-8.8452
-2.3193,8.9571,2.79
9.0585,8.2877,-2.809
3.297,3.7014,3.125
8.5175,-1.8798,2.79
9.3052,9.5839,2.952
3.9235,8.7219,2.795
9.5039,3.5445,2.723
2.5736,8.0325,-2.826
7.8726,2.8296,-3.167
9.0585,8.2877,8.7592
2.5736,8.0325,8.7422
7.8726,2.8296,8.4012
-11.48,-12.375,-8.5382
-12.349,-6.211,-8.7252
-6.9251,-11.524,-8.3682
-11.507,-9.3279,-5.8782
-11.462,-9.3463,-11.116
-9.2381,-12.577,-11.631
-12.881,-11.672,-2.687
-11.48,-12.375,3.03
-12.349,-6.211,2.843
-6.9251,-11.524,3.2
-11.529,-7.1762,-2.952
-6.3446,-12.356,-2.548
-11.507,-9.3279,5.69
-9.3809,-12.474,-5.469
-11.462,-9.3463,0.452
-9.2381,-12.577,-0.063
-12.881,-11.672,8.8812
-11.529,-7.1762,8.6162
-6.3446,-12.356,9.0202
-9.3809,-12.474,6.0992
-11.462,-9.3463,12.02
-9.2381,-12.577,11.505
-10.24,10.538,-8.5382
-5.6855,11.389,-8.3682
-11.545,5.5434,-8.6072
-11.308,2.0807,-6.0662
-5.018,8.2142,-5.9642
-8.4935,5.576,-6.2302
-10.831,2.0348,-11.557
-4.779,8.1548,-11.126
-11.68,8.0572,-11.82
-7.9985,10.336,-11.631
-8.3584,5.8143,-11.332
-11.348,-0.74741,-8.6952
-5.6802,-6.4495,-8.7872
-4.9271,4.8847,-8.7212
0.5968,-0.2984,-8.5382
-0.27224,5.8655,-8.7252
5.1513,0.55225,-8.3682
-6.0026,-0.57629,-8.9272
-0.70852,-5.2934,-8.6072
-5.4398,-3.1502,-6.2642
-0.47164,-8.7561,-6.0662
0.56922,2.7485,-5.8782
5.8188,-2.6227,-5.9642
-9.0807,-5.5437,-6.1522
-3.9061,-11.28,-6.2512
-3.1332,0.14354,-6.3452
2.3434,-5.2609,-6.2302
-5.408,-3.3375,-11.439
0.0056569,-8.8021,-11.557
0.61448,2.7301,-11.116
6.0578,-2.6821,-11.126
-12.437,-3.6953,-11.811
-6.7182,-8.9103,-11.783
-6.1462,2.5965,-11.78
-0.84358,-2.7796,-11.82
-8.6713,-1.1816,-12.063
-3.2018,-6.4601,-11.758
-2.7287,4.7991,-11.64
2.8383,-0.50063,-11.631
-9.2659,-5.7078,-11.113
-3.5688,-11.104,-11.316
-3.0222,0.30264,-11.551
2.4784,-5.0226,-11.332
-0.51154,-11.584,-8.6952
5.9097,-5.9521,-8.7212
11.434,-11.135,-8.5382
10.565,-4.9714,-8.7252
4.8342,-11.413,-8.9272
11.406,-8.0883,-5.8782
7.7036,-10.693,-6.3452
11.451,-8.1067,-11.116
4.6906,-8.2403,-11.78
2.1656,-12.018,-12.063
8.1081,-6.0377,-11.64
7.8146,-10.534,-11.551
-11.716,-0.025029,-2.868
-11.642,11.241,-2.687
-6.1155,5.7209,-2.768
-10.24,10.538,3.03
-5.6855,11.389,3.2
-11.545,5.5434,2.961
-10.765,4.5302,-2.853
-5.105,10.557,-2.548
-11.491,7.8847,-5.579
-11.308,2.0807,5.502
-5.018,8.2142,5.604
-8.4935,5.576,5.338
-8.1413,10.439,-5.469
-10.831,2.0348,0.011
-4.779,8.1548,0.442
-11.68,8.0572,-0.252
-7.9985,10.336,-0.063
-8.3584,5.8143,0.236
-6.265,-5.5635,-3.182
-0.87893,-10.862,-2.868
-0.80469,0.40447,-2.687
4.7214,-5.1159,-2.768
-11.348,-0.74741,2.873
-5.6802,-6.4495,2.781
-4.9271,4.8847,2.847
0.5968,-0.2984,3.03
-0.27224,5.8655,2.843
5.1513,0.55225,3.2
-6.0026,-0.57629,2.641
-0.70852,-5.2934,2.961
-5.2651,-0.81459,-3.086
0.071418,-6.3067,-2.853
0.5473,4.9002,-2.952
5.7318,-0.28001,-2.548
-12.376,-3.5935,-5.62
-6.6539,-8.8303,-5.405
-6.0196,2.5689,-5.58
-0.65407,-2.9522,-5.579
-5.4398,-3.1502,5.304
-0.47164,-8.7561,5.502
0.56922,2.7485,5.69
5.8188,-2.6227,5.604
-9.0807,-5.5437,5.416
-3.9061,-11.28,5.317
-3.1332,0.14354,5.223
2.3434,-5.2609,5.338
-8.7731,-1.0642,-5.758
-3.2385,-6.3922,-5.603
-2.7195,5.1237,-5.313
2.6955,-0.39739,-5.469
-5.408,-3.3375,0.129
0.0056569,-8.8021,0.011
0.61448,2.7301,0.452
6.0578,-2.6821,0.442
-12.437,-3.6953,-0.243
-6.7182,-8.9103,-0.215
-6.1462,2.5965,-0.212
-0.84358,-2.7796,-0.252
-8.6713,-1.1816,-0.495
-3.2018,-6.4601,-0.19
-2.7287,4.7991,-0.072
2.8383,-0.50063,-0.063
-9.2659,-5.7078,0.455
-3.5688,-11.104,0.252
-3.0222,0.30264,0.017
2.4784,-5.0226,0.236
10.032,-10.432,-2.687
-0.51154,-11.584,2.873
5.9097,-5.9521,2.847
11.434,-11.135,3.03
10.565,-4.9714,2.843
4.8342,-11.413,2.641
5.5717,-11.651,-3.086
11.384,-5.9366,-2.952
4.8172,-8.2679,-5.58
11.406,-8.0883,5.69
7.7036,-10.693,5.223
2.0637,-11.901,-5.758
8.1173,-5.7131,-5.313
11.451,-8.1067,0.452
4.6906,-8.2403,-0.212
2.1656,-12.018,-0.495
8.1081,-6.0377,-0.072
7.8146,-10.534,0.017
-11.716,-0.025029,8.7002
-11.642,11.241,8.8812
-6.1155,5.7209,8.8002
-10.765,4.5302,8.7152
-5.105,10.557,9.0202
-11.491,7.8847,5.9892
-8.1413,10.439,6.0992
-10.831,2.0348,11.579
-4.779,8.1548,12.01
-11.68,8.0572,11.316
-7.9985,10.336,11.505
-8.3584,5.8143,11.804
-6.265,-5.5635,8.3862
-0.87893,-10.862,8.7002
-0.80469,0.40447,8.8812
4.7214,-5.1159,8.8002
-5.2651,-0.81459,8.4822
0.071418,-6.3067,8.7152
0.5473,4.9002,8.6162
5.7318,-0.28001,9.0202
-12.376,-3.5935,5.9482
-6.6539,-8.8303,6.1632
-6.0196,2.5689,5.9882
-0.65407,-2.9522,5.9892
-8.7731,-1.0642,5.8102
-3.2385,-6.3922,5.9652
-2.7195,5.1237,6.2552
2.6955,-0.39739,6.0992
-5.408,-3.3375,11.697
0.0056569,-8.8021,11.579
0.61448,2.7301,12.02
6.0578,-2.6821,12.01
-12.437,-3.6953,11.325
-6.7182,-8.9103,11.353
-6.1462,2.5965,11.356
-0.84358,-2.7796,11.316
-8.6713,-1.1816,11.073
-3.2018,-6.4601,11.378
-2.7287,4.7991,11.496
2.8383,-0.50063,11.505
-9.2659,-5.7078,12.023
-3.5688,-11.104,11.82
-3.0222,0.30264,11.585
2.4784,-5.0226,11.804
10.032,-10.432,8.8812
5.5717,-11.651,8.4822
11.384,-5.9366,8.6162
4.8172,-8.2679,5.9882
2.0637,-11.901,5.8102
8.1173,-5.7131,6.2552
11.451,-8.1067,12.02
4.6906,-8.2403,11.356
2.1656,-12.018,11.073
8.1081,-6.0377,11.496
7.8146,-10.534,11.585
-2.6665,11.633,-6.2512
-2.3292,11.81,-11.316
0.72804,11.329,-8.6952
6.3962,5.6269,-8.7872
12.673,11.778,-8.5382
6.0738,11.5,-8.9272
11.368,6.783,-8.6072
6.6366,8.9263,-6.2642
11.605,3.3203,-6.0662
2.9957,6.5327,-6.1522
8.1703,0.79665,-6.2512
8.9432,12.22,-6.3452
6.6684,8.7389,-11.439
12.082,3.2743,-11.557
-0.3602,8.3811,-11.811
5.3582,3.1662,-11.783
11.233,9.2968,-11.82
3.4051,10.895,-12.063
8.8746,5.6163,-11.758
2.8105,6.3686,-11.113
8.5076,0.97272,-11.316
9.0542,12.379,-11.551
11.565,0.49216,-8.6952
10.477,-2.4558,-11.811
0.36065,12.051,-2.868
-2.6665,11.633,5.317
-2.3292,11.81,0.252
5.8114,6.5129,-3.182
11.197,1.2145,-2.868
11.272,12.481,-2.687
0.72804,11.329,2.873
6.3962,5.6269,2.781
12.673,11.778,3.03
6.0738,11.5,2.641
11.368,6.783,2.961
6.8113,11.262,-3.086
12.148,5.7697,-2.853
-0.29939,8.4829,-5.62
5.4225,3.2461,-5.405
11.422,9.1242,-5.579
6.6366,8.9263,5.304
11.605,3.3203,5.502
2.9957,6.5327,5.416
8.1703,0.79665,5.317
8.9432,12.22,5.223
3.3033,11.012,-5.758
8.8378,5.6842,-5.603
6.6684,8.7389,0.129
12.082,3.2743,0.011
-0.3602,8.3811,-0.243
5.3582,3.1662,-0.215
11.233,9.2968,-0.252
3.4051,10.895,-0.495
8.8746,5.6163,-0.19
2.8105,6.3686,0.455
8.5076,0.97272,0.252
9.0542,12.379,0.017
11.565,0.49216,2.873
10.537,-2.3539,-5.62
10.477,-2.4558,-0.243
0.36065,12.051,8.7002
-2.3292,11.81,11.82
5.8114,6.5129,8.3862
11.197,1.2145,8.7002
11.272,12.481,8.8812
6.8113,11.262,8.4822
12.148,5.7697,8.7152
-0.29939,8.4829,5.9482
5.4225,3.2461,6.1632
11.422,9.1242,5.9892
3.3033,11.012,5.8102
8.8378,5.6842,5.9652
6.6684,8.7389,11.697
12.082,3.2743,11.579
-0.3602,8.3811,11.325
5.3582,3.1662,11.353
11.233,9.2968,11.316
3.4051,10.895,11.073
8.8746,5.6163,11.378
2.8105,6.3686,12.023
8.5076,0.97272,11.82
9.0542,12.379,11.585
10.537,-2.3539,5.9482
10.477,-2.4558,11.325
0,0,0
5.5409,0.28143,0.332
-5.572,-0.45679,-0.315
-0.020506,0.0035355,5.65
0.096874,5.6505,-0.132
-0.56639,-5.7127,0.064
-0.020506,0.0035355,-5.9182
-5.4072,5.3691,0.031
5.4296,-5.4678,0.031
5.5267,0.32951,-5.639
-5.8301,-0.26799,5.471
-0.0042426,5.7672,5.664
-0.42214,-5.7792,-5.663
5.5267,0.32951,5.9292
-0.0042426,5.7672,-5.9042
-0.42214,-5.7792,5.9052
5.74,6.0695,0.138
-5.8301,-0.26799,-6.0972
-6.3364,-6.0069,0.138
5.2644,-5.4511,5.7682
5.2644,-5.4511,-5.8
-5.5724,5.3858,5.7682
-5.5724,5.3858,-5.8
-6.1243,-5.9206,5.649
5.9521,6.1558,5.649
-6.1243,-5.9206,-5.9192
5.9521,6.1558,-5.9192
11.405,0.60106,0.004
0.56823,11.438,0.004
-0.67135,-11.475,0.004
-11.508,-0.63852,0.004
5.0088e-16,-5.0088e-16,-11.568
-5.0088e-16,5.0088e-16,11.568
10.934,-5.1863,-0.132
-5.2959,11.118,0.332
5.2648,-11.294,-0.315
-11.403,5.1241,0.064
5.5409,0.28143,-11.236
-5.572,-0.45679,11.253
0.096874,5.6505,11.436
-11.43,-0.61094,-5.783
-11.43,-0.61094,5.7852
-0.59286,-11.448,-5.783
-0.59286,-11.448,5.7852
-0.56639,-5.7127,-11.504
0.64672,11.465,-5.783
0.64672,11.465,5.7852
11.484,0.62863,-5.783
11.484,0.62863,5.7852
-0.56639,-5.7127,11.632
0.096874,5.6505,-11.7
5.5409,0.28143,11.9
-5.572,-0.45679,-11.883
11.51,6.3637,0.064
10.833,-5.0697,5.664
6.5044,11.62,-0.315
10.833,-5.0697,-5.9042
5.0067,-11.105,5.471
-6.5355,-11.795,0.332
-11.259,5.0577,-5.663
-5.3101,11.166,-5.639
-11.98,-6.4259,-0.132
5.0067,-11.105,-6.0972
-11.259,5.0577,5.9052
-5.3101,11.166,5.9292
-5.4072,5.3691,-11.537
5.4296,-5.4678,-11.537
-5.4072,5.3691,11.599
5.4296,-5.4678,11.599
5.74,6.0695,-11.43
5.74,6.0695,11.706
-6.3364,-6.0069,-11.43
11.654,6.2972,-5.663
6.2463,11.808,5.471
11.654,6.2972,5.9052
-6.5496,-11.747,-5.639
-6.3364,-6.0069,11.706
6.2463,11.808,-6.0972
-6.5496,-11.747,5.9292
-12.081,-6.3093,5.664
-12.081,-6.3093,-5.9042
-10.837,10.837,-9.3842e-16
10.837,-10.837,9.3842e-16
11.405,0.60106,-11.564
11.405,0.60106,11.572
0.56823,11.438,-11.564
0.56823,11.438,11.572
-0.67135,-11.475,-11.564
-0.67135,-11.475,11.572
10.816,-10.833,5.65
-11.508,-0.63852,-11.564
-11.508,-0.63852,11.572
-10.857,10.84,5.65
10.816,-10.833,-5.9182
-10.857,10.84,-5.9182
10.934,-5.1863,11.436
-5.2959,11.118,-11.236
5.2648,-11.294,11.253
10.934,-5.1863,-11.7
-11.403,5.1241,-11.504
-11.403,5.1241,11.632
-12.076,-12.076,7.9602e-22
12.076,12.076,-7.9602e-22
-5.2959,11.118,11.9
5.2648,-11.294,-11.883
6.5044,11.62,11.253
11.51,6.3637,-11.504
-6.5355,-11.795,-11.236
11.51,6.3637,11.632
-11.98,-6.4259,11.436
6.5044,11.62,-11.883
-11.98,-6.4259,-11.7
12.056,12.08,5.65
-6.5355,-11.795,11.9
-12.097,-12.073,5.65
12.056,12.08,-5.9182
-12.097,-12.073,-5.9182
-10.837,10.837,-11.568
10.837,-10.837,-11.568
-10.837,10.837,11.568
10.837,-10.837,11.568
-12.076,-12.076,-11.568
-12.076,-12.076,11.568
12.076,12.076,-11.568
12.076,12.076,11.568
