-10.234,-10.622,-10.004
-10.234,-10.622,2.89
-3.2233,9.2535,-10.01
-9.2181,8.7034,-9.7594
-9.5261,2.2246,-10.153
-3.6805,-3.853,-10.37
9.0015,-2.9713,-10.01
2.8765,2.489,-10.004
-9.9624,-4.1825,-10.314
-3.8537,-9.5898,-10.289
-3.1841,2.5152,-9.9214
3.0066,-3.5214,-9.7594
2.6986,-10,-10.153
9.0407,-9.7096,-9.9214
-3.2233,9.2535,2.884
-8.9572,3.347,-3.87
-8.5018,9.6332,-3.614
-9.2181,8.7034,3.135
-9.5261,2.2246,2.741
-3.6805,-3.853,2.524
9.0015,-2.9713,2.884
2.8765,2.489,2.89
-9.536,-9.4017,-3.64
-3.095,-3.0837,-3.41
3.2675,-8.8777,-3.87
-9.0665,-3.1254,-3.631
-2.9394,-9.4561,-3.592
-2.8369,3.3446,-3.828
3.7229,-2.5915,-3.614
-9.9624,-4.1825,2.58
-3.8537,-9.5898,2.605
-3.1841,2.5152,2.973
3.0066,-3.5214,3.135
2.6986,-10,2.741
9.3878,-8.8801,-3.828
9.0407,-9.7096,2.973
-8.9572,3.347,9.0244
-8.5018,9.6332,9.2804
-9.536,-9.4017,9.2544
-3.095,-3.0837,9.4844
3.2675,-8.8777,9.0244
-9.0665,-3.1254,9.2634
-2.9394,-9.4561,9.3024
-2.8369,3.3446,9.0664
3.7229,-2.5915,9.2804
9.3878,-8.8801,9.0664
9.4301,9.2575,-10.37
3.1481,8.928,-10.314
9.2568,3.5208,-10.289
9.4301,9.2575,2.524
3.5745,3.7089,-3.64
-2.252,9.756,-3.734
10.016,10.027,-3.41
4.044,9.9851,-3.631
10.171,3.6544,-3.592
3.1481,8.928,2.58
9.2568,3.5208,2.605
9.9727,-2.4687,-3.734
3.5745,3.7089,9.2544
-2.252,9.756,9.1604
10.016,10.027,9.4844
4.044,9.9851,9.2634
10.171,3.6544,9.3024
9.9727,-2.4687,9.1604
-9.9038,-10.809,-3.271
-9.9038,-10.809,9.6234
-8.6602,3.4432,-10.297
-7.835,9.2592,-9.7934
-9.5424,-9.2907,-10.004
-3.0547,-2.4918,-10.381
3.5645,-8.7816,-10.297
-8.6062,-3.5546,-10.252
-2.4402,-9.1563,-10.153
-1.8314,3.1466,-9.9394
4.3897,-2.9656,-9.7934
10.393,-9.0781,-9.9394
-8.6602,3.4432,2.597
-7.835,9.2591,3.101
-9.8849,9.1297,-3.291
-9.5926,2.0039,-3.782
-3.8629,-4.3636,-3.55
-2.8907,8.4457,-3.41
3.2067,2.3016,-3.271
-9.5424,-9.2907,2.89
-3.0547,-2.4918,2.513
3.5645,-8.7816,2.597
-8.6062,-3.5546,2.642
-2.4402,-9.1563,2.741
-1.8314,3.1466,2.955
4.3897,-2.9656,3.101
-10.435,-3.4563,-4.135
-4.2716,-10.128,-3.444
-4.2405,2.8574,-3.846
2.3398,-3.095,-3.291
2.6321,-10.221,-3.782
9.3341,-3.7791,-3.41
10.393,-9.0781,2.955
7.9842,-9.3673,-3.846
-9.8849,9.1297,9.6034
-9.5926,2.0039,9.1124
-3.8629,-4.3636,9.3444
-2.8907,8.4457,9.4844
3.2067,2.3016,9.6234
-10.435,-3.4563,8.7594
-4.2716,-10.128,9.4504
-4.2405,2.8574,9.0484
2.3398,-3.095,9.6034
2.6321,-10.221,9.1124
9.3341,-3.7791,9.4844
7.9842,-9.3673,9.0484
-2.5939,10.61,-10.095
3.5682,3.8199,-10.004
9.6309,-1.6149,-10.095
10.056,10.619,-10.381
4.5044,9.5559,-10.252
10.67,3.9542,-10.153
-2.5939,10.61,2.799
9.2476,8.747,-3.55
3.5682,3.8199,2.89
9.6309,-1.6149,2.799
10.056,10.619,2.513
4.5044,9.5559,2.642
10.67,3.9542,2.741
2.6751,9.6542,-4.135
8.8389,2.9827,-3.444
9.2476,8.747,9.3444
2.6751,9.6542,8.7594
8.8389,2.9827,9.4504
-12.414,-13.84,-9.8104
-12.109,-10.101,-6.9564
-12.287,-9.9632,-12.934
-9.7766,-13.808,-13.209
-13.597,-12.723,-3.327
-12.414,-13.84,3.084
-12.491,-7.4721,-3.474
-6.0529,-13.659,-3.438
-12.109,-10.101,5.938
-9.7964,-13.965,-6.572
-12.287,-9.9632,-0.04
-9.7766,-13.808,-0.315
-13.597,-12.723,9.5674
-12.491,-7.4721,9.4204
-6.0529,-13.659,9.4564
-9.7964,-13.965,6.3224
-12.287,-9.9632,12.854
-9.7766,-13.808,12.579
-11.528,11.496,-9.8104
-12.754,6.7362,-9.9994
-11.858,2.5112,-7.3914
-4.9246,9.1955,-6.9384
-9.221,6.6216,-7.0604
-11.699,2.589,-13.07
-5.1289,9.1269,-12.851
-13.036,8.9091,-13.694
-8.8907,11.527,-13.209
-9.1191,6.8946,-12.762
-11.962,-1.108,-10.04
-5.9842,-6.9912,-10.151
-5.0876,5.7962,-10.114
0.6965,-0.72903,-9.8104
-13.371,-6.1122,-10.096
-7.0527,-12.019,-9.7764
-6.173,0.43275,-10.401
-0.52892,-5.4886,-9.9994
-5.5869,-3.3736,-7.5064
0.36699,-9.7135,-7.3914
1.0013,3.0094,-6.9564
7.3002,-3.0292,-6.9384
-9.8818,-6.1624,-7.3604
-3.4896,-11.79,-7.1664
-3.1106,0.76014,-7.0034
3.0038,-5.6031,-7.0604
-6.0641,-3.4464,-13.407
0.52538,-9.6357,-13.07
0.82378,3.1473,-12.934
7.0958,-3.0978,-12.851
-13.292,-3.5638,-13.606
-7.1616,-9.7468,-13.718
-7.1694,2.9776,-13.699
-0.81105,-3.3156,-13.694
-9.3536,-0.91358,-13.655
-3.2152,-7.291,-13.605
-2.8553,5.1987,-13.642
3.334,-0.69791,-13.209
-9.7503,-6.1129,-13.34
-3.4648,-11.889,-12.932
-3.0179,0.58549,-12.901
3.1056,-5.3302,-12.762
0.26263,-13.333,-10.04
7.1371,-6.4286,-10.114
12.921,-12.954,-9.8104
6.0517,-11.792,-10.401
13.226,-9.2153,-6.9564
9.1142,-11.465,-7.0034
13.049,-9.0774,-12.934
5.0554,-9.2471,-13.699
2.8711,-13.138,-13.655
9.3695,-7.0261,-13.642
9.2068,-11.639,-12.901
-13.242,-0.048497,-3.712
-12.711,12.612,-3.327
-6.9108,6.2957,-3.747
-11.528,11.496,3.084
-12.754,6.7362,2.895
-11.864,5.0406,-3.789
-5.1671,11.677,-3.438
-13.353,8.9176,-6.464
-11.858,2.5112,5.503
-4.9246,9.1955,5.956
-9.221,6.6216,5.834
-8.9105,11.37,-6.572
-11.699,2.589,-0.176
-5.1289,9.1269,0.043
-13.036,8.9091,-0.8
-8.8907,11.527,-0.315
-9.1191,6.8946,0.132
-7.2196,-6.2282,-3.798
-1.0175,-12.273,-3.712
-0.48649,0.38749,-3.327
5.3139,-5.9291,-3.747
-11.962,-1.108,2.854
-5.9842,-6.9912,2.743
-5.0876,5.7962,2.78
0.6965,-0.72903,3.084
-13.371,-6.1122,2.798
-7.0527,-12.019,3.118
-6.173,0.43275,2.493
-0.52892,-5.4886,2.895
-5.9659,-1.0288,-3.76
0.36062,-7.1842,-3.789
0.61943,5.6385,-3.474
7.0576,-0.54801,-3.438
-13.509,-3.9428,-6.737
-7.2804,-9.7015,-6.232
-6.6652,2.7775,-6.761
-1.1278,-3.3071,-6.464
-5.5869,-3.3736,5.388
0.36699,-9.7135,5.503
1.0013,3.0094,5.938
7.3002,-3.0292,5.956
-9.8818,-6.1624,5.534
-3.4896,-11.79,5.728
-3.1106,0.76014,5.891
3.0038,-5.6031,5.834
-9.3536,-0.99278,-6.69
-3.2739,-7.228,-6.537
-2.8998,5.4553,-6.63
3.3142,-0.85489,-6.572
-6.0641,-3.4464,-0.513
0.52538,-9.6357,-0.176
0.82378,3.1473,-0.04
7.0958,-3.0978,0.043
-13.292,-3.5638,-0.712
-7.1616,-9.7468,-0.824
-7.1694,2.9776,-0.805
-0.81105,-3.3156,-0.8
-9.3536,-0.91358,-0.761
-3.2152,-7.291,-0.711
-2.8553,5.1986,-0.748
3.334,-0.69791,-0.315
-9.7503,-6.1129,-0.446
-3.4648,-11.889,-0.038
-3.0179,0.58548,-0.007
3.1056,-5.3302,0.132
11.738,-11.837,-3.327
0.26263,-13.333,2.854
7.1371,-6.4286,2.78
12.921,-12.954,3.084
6.0517,-11.792,2.493
6.2589,-13.254,-3.76
12.844,-6.5863,-3.474
5.5596,-9.4472,-6.761
13.226,-9.2153,5.938
9.1142,-11.465,5.891
2.8711,-13.218,-6.69
9.3249,-6.7694,-6.63
13.049,-9.0774,-0.04
5.0554,-9.2471,-0.805
2.8711,-13.138,-0.761
9.3695,-7.0261,-0.748
9.2068,-11.639,-0.007
-13.242,-0.048498,9.1824
-12.711,12.612,9.5674
-6.9108,6.2957,9.1474
-11.864,5.0405,9.1054
-5.1671,11.677,9.4564
-13.353,8.9176,6.4304
-8.9105,11.37,6.3224
-11.699,2.589,12.718
-5.1289,9.1269,12.937
-13.036,8.9091,12.094
-8.8907,11.527,12.579
-9.1191,6.8946,13.026
-7.2196,-6.2282,9.0964
-1.0175,-12.273,9.1824
-0.48649,0.38749,9.5674
5.3139,-5.9291,9.1474
-5.9659,-1.0288,9.1344
0.36062,-7.1842,9.1054
0.61943,5.6385,9.4204
7.0576,-0.54801,9.4564
-13.509,-3.9428,6.1574
-7.2804,-9.7015,6.6624
-6.6652,2.7775,6.1334
-1.1278,-3.3071,6.4304
-9.3536,-0.99278,6.2044
-3.2739,-7.228,6.3574
-2.8998,5.4553,6.2644
3.3142,-0.85489,6.3224
-6.0641,-3.4464,12.381
0.52538,-9.6357,12.718
0.82378,3.1473,12.854
7.0958,-3.0978,12.937
-13.292,-3.5638,12.182
-7.1616,-9.7468,12.07
-7.1694,2.9776,12.089
-0.81105,-3.3156,12.094
-9.3536,-0.91358,12.133
-3.2152,-7.291,12.183
-2.8553,5.1986,12.146
3.334,-0.69792,12.579
-9.7503,-6.1129,12.448
-3.4648,-11.889,12.856
-3.0179,0.58548,12.887
3.1056,-5.3302,13.026
11.738,-11.837,9.5674
6.2589,-13.254,9.1344
12.844,-6.5863,9.4204
5.5596,-9.4472,6.1334
2.8711,-13.218,6.2044
9.3249,-6.7694,6.2644
13.049,-9.0774,12.854
5.0554,-9.2471,12.089
2.8711,-13.138,12.133
9.3695,-7.0261,12.146
9.2068,-11.639,12.887
-6.1669,13.316,-9.7764
-2.6038,13.546,-7.1664
-2.579,13.446,-12.932
1.1484,12.003,-10.04
7.1263,6.1194,-10.151
13.807,12.382,-9.8104
-0.26083,6.9983,-10.096
6.0579,1.0912,-9.7764
6.9375,13.543,-10.401
12.582,7.622,-9.9994
7.5237,9.737,-7.5064
13.478,3.397,-7.3914
3.2287,6.9481,-7.3604
9.621,1.321,-7.1664
10,13.871,-7.0034
7.0464,9.6641,-13.407
13.636,3.4748,-13.07
-0.18163,9.5467,-13.606
5.949,3.3638,-13.718
12.3,9.7949,-13.694
3.757,12.197,-13.655
9.8953,5.8196,-13.605
3.3603,6.9976,-13.34
9.6457,1.2213,-12.932
10.093,13.696,-12.901
13.373,-0.22223,-10.04
11.964,-5.2264,-10.096
12.043,-2.678,-13.606
-0.13172,13.062,-3.712
-6.1669,13.316,3.118
-2.6038,13.546,5.728
-2.579,13.446,-0.038
5.891,6.8824,-3.798
12.093,0.83731,-3.712
12.624,13.498,-3.327
1.1484,12.003,2.854
7.1263,6.1194,2.743
13.807,12.382,3.084
-0.26083,6.9983,2.798
6.0579,1.0912,3.118
6.9375,13.543,2.493
12.582,7.622,2.895
7.1447,12.082,-3.76
13.471,5.9264,-3.789
-0.39801,9.1677,-6.737
5.8302,3.4091,-6.232
11.983,9.8034,-6.464
7.5237,9.737,5.388
13.478,3.397,5.503
3.2287,6.9481,5.534
9.621,1.321,5.728
10,13.871,5.891
3.757,12.118,-6.69
9.8367,5.8825,-6.537
7.0464,9.6641,-0.513
13.636,3.4748,-0.176
-0.18163,9.5467,-0.712
5.949,3.3638,-0.824
12.3,9.7949,-0.8
3.757,12.197,-0.761
9.8953,5.8196,-0.711
3.3603,6.9976,-0.446
9.6457,1.2213,-0.038
10.093,13.696,-0.007
13.373,-0.22223,2.854
11.964,-5.2264,2.798
11.827,-3.057,-6.737
12.043,-2.678,-0.712
-0.13172,13.062,9.1824
-2.579,13.446,12.856
5.891,6.8824,9.0964
12.093,0.83731,9.1824
12.624,13.498,9.5674
7.1447,12.082,9.1344
13.471,5.9264,9.1054
-0.39801,9.1677,6.1574
5.8302,3.4091,6.6624
11.983,9.8034,6.4304
3.757,12.118,6.2044
9.8367,5.8825,6.3574
7.0464,9.6641,12.381
13.636,3.4748,12.718
-0.18163,9.5467,12.182
5.949,3.3638,12.07
12.3,9.7949,12.094
3.757,12.197,12.133
9.8953,5.8196,12.183
3.3603,6.9976,12.448
9.6457,1.2213,12.856
10.093,13.696,12.887
11.827,-3.057,6.1574
12.043,-2.678,12.182
0,0,0
0.16546,-6.1858,-0.116
-6.2529,-0.028991,-0.734
6.3845,0.18173,-0.523
0.16758,-0.26375,-6.425
0.19516,6.4318,-0.144
0.16758,-0.26375,6.4694
-5.8251,5.9581,-0.358
-6.0069,-0.30193,5.811
-0.054447,-6.3378,6.1814
0.17112,6.2027,6.3284
6.3996,-6.2667,-0.358
6.6115,0.45971,6.1074
0.17112,6.2027,-6.566
-6.3406,-6.4792,-0.629
-0.054447,-6.3378,-6.713
-6.0069,-0.30193,-7.0834
6.6115,0.45971,-6.787
6.7699,6.6313,-0.629
-5.9393,6.167,6.007
6.2855,-6.0578,6.007
-6.4842,-6.4587,6.0464
-5.9393,6.167,-6.8874
6.2855,-6.0578,-6.8874
6.6264,6.6518,6.0464
-6.4842,-6.4587,-6.848
6.6264,6.6518,-6.848
-0.35214,-12.537,-0.763
-12.577,-0.31225,-0.763
12.758,0.57356,-0.763
0.53367,12.798,-0.763
5.583e-16,1.4142e-06,-12.894
-5.583e-16,-1.4142e-06,12.894
-12.059,6.039,-0.116
5.9718,-12.254,-0.734
-6.2529,-0.028993,12.16
12.42,-5.7929,-0.144
-5.8403,12.406,-0.523
-12.488,-0.49922,5.811
0.62306,12.611,5.811
6.3845,0.18173,12.371
-0.26275,-12.724,5.811
12.848,0.38659,5.811
0.16546,-6.1858,12.778
0.19516,6.4318,12.75
-12.488,-0.49922,-7.0834
0.16546,-6.1858,-13.01
0.62306,12.611,-7.0834
0.19516,6.4318,-13.038
-12.915,-6.6787,-0.144
-0.26275,-12.724,-7.0834
-6.7261,-12.929,-0.523
12.848,0.38659,-7.0834
6.8576,13.082,-0.734
6.3845,0.18173,-13.417
-12.279,5.887,6.1814
13.276,6.9248,-0.116
-6.2529,-0.02899,-13.628
-5.8251,5.9581,12.536
6.2179,-12.527,5.811
-5.6132,12.684,6.1074
12.396,-6.022,6.3284
-12.279,5.887,-6.713
-6.3406,-6.4792,12.265
12.396,-6.022,-6.566
6.3996,-6.2667,12.536
-5.6132,12.684,-6.787
-6.499,-12.651,6.1074
6.7699,6.6313,12.265
-5.8251,5.9581,-13.252
6.2179,-12.527,-7.0834
7.1037,12.809,5.811
-6.499,-12.651,-6.787
13.056,6.7728,6.1814
-12.939,-6.9078,6.3284
6.3996,-6.2667,-13.252
-12.939,-6.9078,-6.566
13.056,6.7728,-6.713
7.1037,12.809,-7.0834
-6.3406,-6.4792,-13.523
6.7699,6.6313,-13.523
-12.225,12.225,-1.0586e-15
12.225,-12.225,1.0586e-15
-0.35214,-12.537,12.131
-12.577,-0.31225,12.131
12.758,0.57356,12.131
0.53367,12.798,12.131
-12.057,11.961,-6.425
-12.057,11.961,6.4694
5.9718,-12.254,12.16
-5.8403,12.406,12.371
-13.111,-13.111,0
13.111,13.111,0
-0.35214,-12.537,-13.657
-12.577,-0.31225,-13.657
-12.059,6.039,12.778
12.758,0.57356,-13.657
12.42,-5.7929,12.75
0.53367,12.798,-13.657
12.392,-12.489,-6.425
-12.059,6.039,-13.01
12.392,-12.489,6.4694
12.42,-5.7929,-13.038
-6.7261,-12.929,12.371
6.8576,13.082,12.16
-5.8403,12.406,-13.417
5.9718,-12.254,-13.628
-12.915,-6.6787,12.75
-12.915,-6.6787,-13.038
13.278,12.847,-6.425
13.278,12.847,6.4694
13.276,6.9248,12.778
-12.943,-13.374,-6.425
-12.943,-13.374,6.4694
-6.7261,-12.929,-13.417
13.276,6.9248,-13.01
6.8576,13.082,-13.628
12.225,-12.225,-12.894
-12.225,12.225,12.894
-12.225,12.225,-12.894
12.225,-12.225,12.894
-13.111,-13.111,-12.894
13.111,13.111,12.894
-13.111,-13.111,12.894
13.111,13.111,-12.894
