-9.5452,-3.8445,-8.9158
-10.191,-9.7616,-9.2908
-4.0123,-9.9686,-9.6678
-9.5452,-3.8445,3.187
-9.0396,-8.9449,-3.306
-10.191,-9.7616,2.812
-4.0123,-9.9686,2.435
-9.0396,-8.9449,8.7968
-9.0684,8.4264,-9.1418
2.3412,-2.9833,-9.1418
-3.3694,2.1927,-8.8098
2.9522,8.6529,-8.9158
-9.2787,2.3335,-9.0308
-3.9442,-3.2258,-9.0438
-2.9819,8.1692,-8.7338
2.3059,2.7358,-9.2908
8.0403,-9.2169,-8.8098
8.485,2.5288,-9.6678
2.131,-9.0762,-9.0308
8.4277,-3.2405,-8.7338
-9.0684,8.4264,2.961
2.3412,-2.9833,2.961
-3.3694,2.1927,3.293
2.9522,8.6529,3.187
-8.8629,-3.0632,-3.102
-3.2301,-8.795,-2.968
-2.5604,3.1841,-3.357
-8.1254,8.7236,-2.946
-8.4322,3.0568,-3.06
-2.9536,-2.8843,-2.706
-2.2543,9.3819,-3.16
3.4578,3.5525,-3.306
-9.2787,2.3335,3.072
-3.9442,-3.2258,3.059
-2.9819,8.1692,3.369
2.3059,2.7358,2.812
8.0403,-9.2169,3.293
8.485,2.5288,2.435
8.8492,-8.2256,-3.357
3.2843,-2.6861,-2.946
2.9774,-8.3528,-3.06
9.1554,-2.0278,-3.16
2.131,-9.0762,3.072
8.4278,-3.2405,3.369
-8.8629,-3.0632,9.0008
-3.2301,-8.795,9.1348
-2.5604,3.1841,8.7458
-8.1254,8.7236,9.1568
-8.4322,3.0568,9.0428
-2.9536,-2.8843,9.3968
-2.2543,9.3819,8.9428
3.4578,3.5525,8.7968
8.8492,-8.2256,8.7458
3.2843,-2.6861,9.1568
2.9774,-8.3528,9.0428
9.1554,-2.0278,8.9428
8.5531,9.2716,-9.0438
3.6345,9.4342,-3.102
9.2673,3.7024,-2.968
9.5437,9.6131,-2.706
8.5531,9.2716,3.059
3.6345,9.4342,9.0008
9.2673,3.7024,9.1348
9.5438,9.6131,9.3968
-8.9038,-9.0255,-9.0538
-9.4228,-4.442,-3.013
-8.9038,-9.0255,3.049
-10.459,-9.3904,-3.17
-3.6347,-10.233,-3.03
-9.4228,-4.442,9.0898
-10.459,-9.3904,8.9328
-3.6347,-10.233,9.0728
-8.3952,9.7529,-9.3008
-9.3642,-2.361,-8.7738
-3.7024,-8.6536,-9.0398
-3.2944,3.6777,-9.0138
3.0144,-1.6568,-9.3008
-7.9373,2.9946,-9.0588
-2.5498,-2.7181,-8.9018
-1.7515,8.9852,-9.0368
3.5935,3.4719,-9.0538
8.1152,-7.732,-9.0138
3.4723,-8.4151,-9.0588
9.6581,-2.4245,-9.0368
-8.3952,9.7529,2.802
-8.9421,7.4741,-3.056
-2.8793,1.8356,-2.772
3.0745,8.0554,-3.013
-9.3642,-2.361,3.329
-3.7024,-8.6536,3.063
-3.2944,3.6777,3.089
3.0144,-1.6568,2.802
-7.9373,2.9946,3.044
-2.5498,-2.7181,3.201
-1.7515,8.9852,3.066
3.5935,3.4719,3.049
-9.8047,2.4777,-2.979
-4.319,-3.2357,-3.186
-3.6062,8.737,-3.084
2.0379,3.107,-3.17
2.4675,-3.9355,-3.056
8.5303,-9.574,-2.772
8.8626,2.2644,-3.03
8.1152,-7.732,3.089
3.4723,-8.4151,3.044
9.6581,-2.4245,3.066
1.6049,-8.932,-2.979
7.8034,-2.6727,-3.084
-8.9421,7.4741,9.0468
-2.8793,1.8356,9.3308
3.0745,8.0554,9.0898
-9.8047,2.4777,9.1238
-4.319,-3.2357,8.9168
-3.6062,8.737,9.0188
2.0379,3.107,8.9328
2.4675,-3.9355,9.0468
8.5303,-9.574,9.3308
8.8626,2.2644,9.0728
1.6049,-8.932,9.1238
7.8034,-2.6727,9.0188
3.1331,10.136,-8.7738
8.7949,3.8438,-9.0398
9.9475,9.7793,-8.9018
3.1331,10.136,3.329
8.7949,3.8438,3.063
9.9475,9.7793,3.201
8.1783,9.2617,-3.186
8.1783,9.2617,8.9168
-12.388,-6.8144,-9.1418
-12.537,-0.18382,-9.0548
-12.835,-12.03,-8.9668
-11.47,-3.5447,-6.1758
-5.9432,-9.5084,-6.3338
-9.5155,-11.904,-6.4408
-11.445,-3.4224,-11.587
-6.0796,-9.3281,-12.293
-12.941,-9.4512,-12.384
-9.4745,-7.1524,-12.182
-9.6519,-11.578,-11.946
-5.7596,-12.675,-9.1868
-1.1273,-11.593,-9.0548
-3.651,-12.874,-12.352
-12.978,-6.1065,-3.144
-7.1629,-11.84,-3.114
-12.388,-6.8144,2.961
-12.537,-0.18382,3.048
-12.835,-12.03,3.136
-12.021,-13.01,-2.977
-11.849,-1.4092,-3.171
-6.115,-6.948,-3.247
-13.086,-9.6251,-6.053
-11.47,-3.5447,5.927
-5.9432,-9.5084,5.769
-9.5155,-11.904,5.662
-9.1697,-6.9819,-6.033
-11.445,-3.4224,0.516
-6.0796,-9.3281,-0.19
-12.941,-9.4512,-0.281
-9.4745,-7.1524,-0.079
-9.6519,-11.578,0.157
-5.7596,-12.675,2.916
-1.1273,-11.593,3.048
-0.4393,-12.819,-3.171
-3.6142,-12.707,-5.828
-3.651,-12.874,-0.249
-12.978,-6.1065,8.9588
-7.1629,-11.84,8.9888
-12.021,-13.01,9.1258
-11.849,-1.4092,8.9318
-6.115,-6.948,8.8558
-13.086,-9.6251,6.0498
-9.1697,-6.9819,6.0698
-11.445,-3.4224,12.619
-6.0796,-9.3281,11.913
-12.941,-9.4512,11.822
-9.4745,-7.1524,12.024
-9.6519,-11.578,12.26
-0.4393,-12.819,8.9318
-3.6142,-12.707,6.2748
-3.651,-12.874,11.854
-11.747,11.877,-8.9668
-10.987,8.2362,-6.4018
-8.4278,12.003,-6.4408
-11.078,8.5282,-11.562
-8.5642,12.329,-11.946
-11.183,4.9236,-9.0338
-5.8746,-0.52326,-9.0298
-4.6719,11.232,-9.1868
0.1096,5.683,-9.1418
-0.039599,12.314,-9.0548
-6.5294,-5.6173,-9.3788
-6.2155,6.3427,-9.0818
-0.33729,0.4674,-8.9668
-5.4454,2.6905,-6.2898
0.42285,-3.1735,-6.4018
1.0274,8.9527,-6.1758
6.5542,2.9889,-6.3338
-8.9392,0.17961,-6.2318
-3.416,-5.4808,-6.5078
-2.8829,6.0309,-6.1318
2.9819,0.59326,-6.4408
-5.2566,2.6319,-12.118
0.33163,-2.8815,-11.562
1.0522,9.075,-11.587
6.4177,3.1693,-12.293
-12.779,2.6276,-12.27
-6.919,-3.2067,-12.631
-6.5888,8.6918,-12.347
-0.44406,3.0462,-12.384
-8.836,5.0671,-12.289
-3.119,-0.69791,-12.151
-2.5633,11.033,-12.352
3.0229,5.345,-12.182
-9.2589,0.20082,-12.008
-3.5115,-5.2114,-11.818
-3.0391,6.7034,-11.844
2.8454,0.91924,-11.946
0.22673,-6.4861,-9.0338
5.535,-11.933,-9.0298
6.7378,-0.17728,-9.1868
11.519,-5.7266,-9.1418
11.37,0.90389,-9.0548
5.1942,-5.0669,-9.0818
11.072,-10.942,-8.9668
5.9642,-8.7191,-6.2898
12.437,-2.457,-6.1758
2.4704,-11.23,-6.2318
8.5267,-5.3788,-6.1318
6.153,-8.7778,-12.118
12.462,-2.3347,-11.587
-1.3692,-8.7821,-12.27
4.8208,-2.7179,-12.347
10.966,-8.3635,-12.384
2.5736,-6.3425,-12.289
8.2906,-12.108,-12.151
8.8464,-0.37668,-12.352
2.1508,-11.209,-12.008
8.3705,-4.7063,-11.844
-12.313,5.9006,-2.986
-6.0752,12.067,-3.114
-11.747,11.877,3.136
-10.934,10.897,-2.977
-10.987,8.2362,5.701
-8.4278,12.003,5.662
-11.078,8.5282,0.541
-8.5642,12.329,0.157
-6.7649,-0.0021213,-3.109
-0.90298,-5.5091,-2.986
-0.48083,6.3908,-3.144
5.3344,0.65761,-3.114
-11.183,4.9236,3.069
-5.8746,-0.52326,3.073
-4.6719,11.232,2.916
0.1096,5.683,2.961
-0.039598,12.314,3.048
-6.5294,-5.6173,2.724
-6.2155,6.3427,3.021
-0.33729,0.4674,3.136
-5.6215,5.0671,-3.155
0.47588,-0.51265,-2.977
0.64842,11.088,-3.171
6.3823,5.5494,-3.247
-12.596,2.4445,-5.783
-6.8639,-3.3071,-5.93
-6.4311,8.643,-5.99
-0.58831,2.8723,-6.053
-5.4454,2.6905,5.813
0.42285,-3.1735,5.701
1.0274,8.9527,5.927
6.5542,2.9889,5.769
-8.9392,0.17961,5.871
-3.416,-5.4808,5.595
-2.8829,6.0309,5.971
2.9819,0.59326,5.662
-8.8402,4.6556,-5.875
-3.0915,-0.60953,-5.537
-2.5265,11.2,-5.828
3.3276,5.5154,-6.033
-5.2566,2.6319,-0.015
0.33163,-2.8815,0.541
1.0522,9.075,0.516
6.4177,3.1693,-0.19
-12.779,2.6276,-0.167
-6.919,-3.2067,-0.528
-6.5888,8.6918,-0.244
-0.44406,3.0462,-0.281
-8.836,5.0671,-0.186
-3.119,-0.69791,-0.048
-2.5633,11.033,-0.249
3.0229,5.345,-0.079
-9.2589,0.20082,0.095
-3.5115,-5.2114,0.285
-3.0391,6.7034,0.259
2.8454,0.91924,0.157
4.6447,-11.412,-3.109
10.929,-5.0188,-3.144
0.22673,-6.4861,3.069
5.535,-11.933,3.073
6.7378,-0.17728,2.916
11.519,-5.7267,2.961
11.37,0.90389,3.048
5.1942,-5.0669,3.021
11.072,-10.942,3.136
5.7881,-6.3425,-3.155
11.886,-11.922,-2.977
12.058,-0.32153,-3.171
-1.1861,-8.9652,-5.783
4.9785,-2.7667,-5.99
10.821,-8.5374,-6.053
5.9642,-8.7191,5.813
12.437,-2.457,5.927
2.4704,-11.23,5.871
8.5267,-5.3788,5.971
2.5694,-6.7541,-5.875
8.3181,-12.019,-5.537
8.8831,-0.2098,-5.828
6.153,-8.7778,-0.014999
12.462,-2.3347,0.516
-1.3692,-8.7821,-0.167
4.8208,-2.7179,-0.244
10.966,-8.3635,-0.281
2.5736,-6.3425,-0.186
8.2906,-12.108,-0.047999
8.8464,-0.37668,-0.249
2.1508,-11.209,0.095001
8.3705,-4.7063,0.259
-12.313,5.9006,9.1168
-6.0752,12.067,8.9888
-10.934,10.897,9.1258
-11.078,8.5282,12.644
-8.5642,12.329,12.26
-6.7649,-0.002122,8.9938
-0.90297,-5.5091,9.1168
-0.48083,6.3908,8.9588
5.3344,0.65761,8.9888
-5.6215,5.0671,8.9478
0.47588,-0.51265,9.1258
0.64842,11.088,8.9318
6.3823,5.5494,8.8558
-12.596,2.4445,6.3198
-6.8639,-3.3071,6.1728
-6.4311,8.643,6.1128
-0.58831,2.8723,6.0498
-8.8402,4.6556,6.2278
-3.0915,-0.60953,6.5658
-2.5265,11.2,6.2748
3.3276,5.5154,6.0698
-5.2566,2.6319,12.088
0.33163,-2.8815,12.644
1.0522,9.075,12.619
6.4177,3.1693,11.913
-12.779,2.6276,11.936
-6.919,-3.2067,11.575
-6.5888,8.6918,11.859
-0.44406,3.0462,11.822
-8.836,5.0671,11.917
-3.119,-0.69792,12.055
-2.5633,11.033,11.854
3.0229,5.345,12.024
-9.2589,0.20082,12.198
-3.5115,-5.2114,12.388
-3.0391,6.7034,12.362
2.8454,0.91924,12.26
4.6447,-11.412,8.9938
10.929,-5.0188,8.9588
5.7881,-6.3425,8.9478
11.886,-11.922,9.1258
12.058,-0.32153,8.9318
-1.1861,-8.9652,6.3198
4.9785,-2.7667,6.1128
10.821,-8.5374,6.0498
2.5694,-6.7541,6.2278
8.3181,-12.019,6.5658
8.8831,-0.2098,6.2748
6.153,-8.7778,12.088
12.462,-2.3347,12.619
-1.3692,-8.7821,11.936
4.8208,-2.7179,11.859
10.966,-8.3635,11.822
2.5736,-6.3425,11.917
8.2906,-12.108,12.055
8.8464,-0.37668,11.854
2.1508,-11.209,12.198
8.3705,-4.7063,12.362
6.6227,11.974,-9.0298
5.9679,6.8801,-9.3788
12.16,12.965,-8.9668
12.92,9.3239,-6.4018
3.5581,12.677,-6.2318
9.0813,7.0166,-6.5078
12.829,9.6159,-11.562
5.5783,9.2907,-12.631
9.3783,11.799,-12.151
3.2385,12.698,-12.008
8.9858,7.286,-11.818
12.724,6.0113,-9.0338
11.128,3.7153,-12.27
5.7324,12.495,-3.109
11.594,6.9883,-2.986
6.6227,11.974,3.073
5.9679,6.8801,2.724
12.16,12.965,3.136
12.973,11.985,-2.977
5.6334,9.1902,-5.93
12.92,9.3239,5.701
3.5581,12.677,5.871
9.0813,7.0166,5.595
9.4059,11.888,-5.537
12.829,9.6159,0.541
5.5783,9.2907,-0.528
9.3783,11.799,-0.048
3.2385,12.698,0.095
8.9858,7.286,0.285
12.724,6.0113,3.069
11.311,3.5322,-5.783
11.128,3.7153,-0.167
5.7324,12.495,8.9938
11.594,6.9883,9.1168
12.973,11.985,9.1258
5.6334,9.1902,6.1728
9.4059,11.888,6.5658
12.829,9.6159,12.644
5.5783,9.2906,11.575
9.3783,11.799,12.055
3.2385,12.698,12.198
8.9858,7.286,12.388
11.311,3.5322,6.3198
11.128,3.7153,11.936
0,0,0
5.7841,0.28991,0.093
-0.6272,-5.9319,0.136
-0.17607,-0.20153,-6.01
-6.0168,-0.21425,-0.384
0.0021213,6.0889,-0.008
-0.17607,-0.20153,6.0928
5.4225,-5.8172,0.143
-5.9871,5.5925,0.143
5.839,0.1784,-6.022
5.839,0.1784,6.0808
-0.52609,-6.0769,5.886
0.067882,5.9949,6.009
-6.033,-0.23476,5.98
0.067882,5.9949,-6.0938
5.8633,6.2834,-0.117
-6.033,-0.23476,-6.1228
-0.52609,-6.0769,-6.2168
-6.634,-6.214,-0.117
5.4077,-5.7712,-5.867
5.4077,-5.7712,6.2358
-6.0019,5.6385,-5.867
-6.0019,5.6385,6.2358
6.1949,6.137,6.015
6.1949,6.137,-6.0878
-6.3024,-6.3604,6.015
-6.3024,-6.3604,-6.0878
11.802,0.47609,0.061001
0.39244,11.886,0.061
-0.69527,-12.021,0.061001
-7.0711e-07,7.0711e-07,-12.103
7.0711e-07,-7.0711e-07,12.103
-12.105,-0.61162,0.061
11.412,-5.3208,-0.007999
5.3928,-11.624,-0.384
-5.6255,11.7,0.092999
-6.0168,-0.21425,11.719
-12.037,5.4777,0.136
5.7841,0.28991,-12.01
0.52672,11.934,-5.971
11.936,0.52415,-5.971
-0.6272,-5.9319,-11.967
-11.971,-0.56356,-5.971
-0.56099,-11.973,-5.971
0.52672,11.934,6.1318
11.936,0.52415,6.1318
-11.971,-0.56356,6.1318
-0.56099,-11.973,6.1318
5.7841,0.28991,12.196
0.002122,6.0889,12.095
0.0021206,6.0889,-12.111
11.87,6.5655,0.136
-0.6272,-5.9319,12.239
-6.0168,-0.21425,-12.487
6.4806,12.283,-0.384
-6.7132,-12.207,0.093
11.478,-5.4148,6.009
-12.495,-6.4085,-0.008
11.478,-5.4148,-6.0938
5.3766,-11.644,5.98
-5.5706,11.588,-6.022
5.3766,-11.644,-6.1228
-5.5706,11.588,6.0808
-11.936,5.3328,5.886
5.4225,-5.8172,-11.96
-11.936,5.3328,-6.2168
-5.9871,5.5925,-11.96
5.4225,-5.8172,12.246
-5.9871,5.5925,12.246
5.8633,6.2834,11.986
11.971,6.4205,5.886
11.971,6.4205,-6.2168
5.8633,6.2834,-12.22
-6.634,-6.214,11.986
6.4643,12.263,5.98
6.4643,12.263,-6.1228
-6.634,-6.214,-12.22
-6.6583,-12.319,-6.022
-12.429,-6.5025,6.009
-6.6583,-12.319,6.0808
-12.429,-6.5025,-6.0938
-11.41,11.41,-1e-06
11.41,-11.41,1e-06
11.802,0.47609,-12.042
0.39244,11.886,-12.042
11.802,0.47609,12.164
0.39244,11.886,12.164
-0.69527,-12.021,-12.042
-12.105,-0.61162,-12.042
-0.69527,-12.021,12.164
-12.105,-0.61162,12.164
-11.586,11.208,-6.01
-11.586,11.208,6.0928
11.234,-11.611,-6.01
11.234,-11.611,6.0928
5.3928,-11.624,11.719
11.412,-5.3208,12.095
11.412,-5.3208,-12.111
-12.497,-12.497,1.9594e-21
12.497,12.497,-1.9594e-21
-5.6255,11.7,-12.01
-5.6255,11.7,12.196
-12.037,5.4777,-11.967
5.3928,-11.624,-12.487
-12.037,5.4777,12.239
11.87,6.5655,-11.967
6.4806,12.283,11.719
11.87,6.5655,12.239
-6.7132,-12.207,-12.01
12.321,12.296,-6.01
12.321,12.296,6.0928
-6.7132,-12.207,12.196
-12.495,-6.4085,12.095
-12.495,-6.4085,-12.111
6.4806,12.283,-12.487
-12.673,-12.699,-6.01
-12.673,-12.699,6.0928
-11.41,11.41,12.103
11.41,-11.41,-12.103
-11.41,11.41,-12.103
11.41,-11.41,12.103
-12.497,-12.497,-12.103
12.497,12.497,12.103
-12.497,-12.497,12.103
12.497,12.497,-12.103
