-3.1161,-8.1476,-3.7037
-8.7652,-2.3161,-3.7087
-3.4102,-9.1333,-9.4167
-9.3259,-3.5853,-9.1027
-8.1811,-8.7536,-9.4167
-3.1161,-8.1476,8.1319
-8.7652,-2.3161,8.1269
-3.4102,-9.1333,2.4189
-9.3259,-3.5853,2.7329
-8.454,-9.4154,-3.0151
-8.1811,-8.7536,2.4189
-8.454,-9.4154,8.8206
8.3739,-8.7063,-3.2944
8.3916,-8.171,-8.5454
2.5665,-8.2092,-9.5224
8.2643,-2.7348,-8.9274
8.3739,-8.7063,8.5412
8.3916,-8.171,3.2902
2.4243,-7.9723,-2.8078
8.9707,-2.7524,-2.7858
2.5665,-8.2092,2.3132
8.2643,-2.7348,2.9082
2.4243,-7.9723,9.0279
8.9707,-2.7524,9.0499
2.7521,-2.5824,-3.3937
-3.1233,2.791,-3.5307
8.416,3.3149,-3.4667
2.7669,9.1464,-3.4717
2.6948,-2.5873,-9.2557
-3.1056,3.3262,-8.7817
8.1218,2.3292,-9.1797
2.2062,7.8772,-8.8657
-3.0462,-3.0264,-3.3097
-3.0886,-3.0179,-9.4707
-8.9308,3.288,-9.7587
3.351,2.7089,-9.1797
-3.2329,8.7625,-9.1637
2.7521,-2.5824,8.442
-3.1233,2.791,8.305
8.416,3.3149,8.369
2.7669,9.1464,8.364
2.6948,-2.5873,2.58
-3.1056,3.3262,3.054
8.1218,2.3292,2.656
2.2062,7.8772,2.97
-3.0462,-3.0264,8.526
-9.0729,3.5249,-3.044
3.078,2.0471,-2.778
-2.5265,8.7448,-3.022
-3.0886,-3.0179,2.365
-8.9308,3.288,2.077
3.351,2.7089,2.656
-3.2329,8.7625,2.672
-9.0729,3.5249,8.7917
3.078,2.0471,9.0577
-2.5265,8.7448,8.8137
-8.7452,8.9149,-3.6299
-8.8024,8.9099,-9.4919
-8.7452,8.9149,8.2058
-8.8024,8.9099,2.3438
8.4859,8.4361,-3.0726
8.4434,8.4445,-9.2336
8.4859,8.4361,8.7631
8.4434,8.4445,2.6021
-7.9209,-3.1929,-8.8117
-7.8636,-8.1193,-3.7287
-9.0848,-7.5783,-9.2567
-7.9209,-3.1929,3.0239
-7.8636,-8.1193,8.1069
-9.0848,-7.5783,2.5789
-2.1542,-8.4043,-8.7814
9.3434,-9.2557,-8.9204
3.6172,-2.7079,-7.8714
3.8987,-8.9177,-2.8824
3.1802,-8.6532,-8.2344
9.3384,-2.7284,-7.9054
-2.1301,-8.188,-2.5138
8.8017,-8.7155,-2.0048
3.5578,-2.9497,-2.3108
-2.1542,-8.4043,3.0542
9.3434,-9.2557,2.9152
3.6172,-2.7079,3.9642
3.8987,-8.9177,8.9532
7.5452,-3.2205,-2.7878
3.1802,-8.6532,3.6012
9.3384,-2.7284,3.9302
-2.1301,-8.188,9.3219
8.8017,-8.7155,9.8309
3.5578,-2.9497,9.5249
7.5452,-3.2205,9.0479
3.6112,8.2696,-8.5747
-2.1538,2.2415,-9.1567
-7.88,8.7893,-8.1077
-1.8526,-2.1722,-3.4127
-7.5986,2.5795,-3.1187
3.6685,3.3432,-3.4917
-2.3731,-2.6007,-8.2037
-8.317,2.844,-8.4707
2.4473,3.8841,-9.0197
-2.1588,8.7688,-8.1417
-8.0052,-2.3327,-2.427
-2.6955,2.7818,-2.241
-7.9394,8.5475,-2.547
3.6112,8.2696,3.261
-2.1538,2.2415,2.679
-7.88,8.7893,3.728
-1.8526,-2.1722,8.423
-7.5986,2.5795,8.717
3.6685,3.3432,8.344
-3.952,8.2767,-3.024
-2.3731,-2.6007,3.632
-8.317,2.844,3.365
2.4473,3.8841,2.816
-2.1588,8.7688,3.694
-8.0052,-2.3327,9.4087
-2.6955,2.7818,9.5947
-7.9394,8.5475,9.2887
-3.952,8.2767,8.8117
9.3779,3.0581,-8.5444
9.4019,3.2745,-2.2767
9.3779,3.0581,3.2913
9.4019,3.2745,9.559
9.6794,9.2902,-3.1756
9.159,8.8617,-7.9666
3.5269,9.1297,-2.1899
9.6794,9.2902,8.6601
9.159,8.8617,3.8691
3.5269,9.1297,9.6457
-0.094952,-11.63,-8.9855
-2.9064,-11.543,-11.862
-2.613,-11.458,-5.7455
-5.7497,-11.984,-2.9868
-0.094952,-11.63,2.8502
-2.9064,-11.543,-0.02682
-2.613,-11.458,6.0902
-5.7497,-11.984,8.8488
-2.9064,-11.543,11.809
-5.8483,-11.368,-9.1237
-12.252,-5.3432,-8.8047
-11.09,-6.505,-3.3357
-11.743,-11.672,-9.4657
-5.8505,-5.7285,-9.4197
-11.592,-0.13251,-9.2217
-11.732,-10.579,-3.6037
-6.0668,-5.5786,-3.6987
-11.285,-8.2854,-11.408
-11.058,-8.4269,-7.0847
-5.6991,-8.5923,-12.677
-10.936,-2.5635,-12.583
-5.3293,-8.5237,-6.0437
-11.12,-2.6399,-5.9517
-8.5856,-12.15,-12.223
-8.1896,-11.634,-6.0437
-8.5354,-5.9753,-11.948
-8.1153,-5.8749,-6.6837
-5.8483,-11.368,2.7119
-12.252,-5.3432,3.0309
-11.09,-6.505,8.4999
-11.743,-11.672,2.3699
-5.8505,-5.7285,2.4159
-11.592,-0.13251,2.6139
-11.732,-10.579,8.2319
-6.0668,-5.5786,8.1369
-11.285,-8.2854,0.42794
-11.058,-8.4269,4.7509
-5.6991,-8.5923,-0.84106
-10.936,-2.5635,-0.74706
-5.3293,-8.5237,5.7919
-11.12,-2.6399,5.8839
-8.5856,-12.15,-0.38706
-8.1896,-11.634,5.7919
-8.5354,-5.9753,-0.11206
-8.1153,-5.8749,5.1519
-11.285,-8.2854,12.264
-5.6991,-8.5923,10.995
-10.936,-2.5635,11.089
-8.5856,-12.15,11.449
-8.5354,-5.9753,11.724
4.9395,-11.688,-8.7034
10.777,-5.3779,-8.3314
6.2576,-11.903,-3.0824
11.939,-6.5397,-2.8624
11.286,-11.707,-8.9924
5.2634,-6.1176,-8.9634
11.437,-0.16725,-8.7484
11.297,-10.614,-3.1304
5.8397,-5.6007,-2.9234
0.07886,-10.688,-2.8794
-0.4246,-8.4821,-11.621
11.744,-8.3202,-10.934
5.8778,-2.9858,-11.534
0.15593,-8.62,-6.6604
11.972,-8.4616,-6.6114
6.6507,-2.9398,-6.0754
5.8001,-8.6822,-11.84
12.093,-2.5983,-12.109
5.4663,-8.4291,-5.4354
11.909,-2.6746,-5.4784
2.8854,-11.016,-12.043
8.7374,-6.0136,-12.119
3.1081,-10.852,-5.4224
8.8385,-5.4189,-5.1634
8.702,-11.235,-11.565
2.8967,-5.5116,-11.835
8.6257,-0.080981,-11.625
8.8675,-10.857,-6.3224
3.514,-5.0724,-5.7374
8.9191,0.0045785,-5.5084
4.9395,-11.688,3.1322
10.777,-5.3779,3.5042
6.2576,-11.903,8.7532
5.7824,-0.52151,-2.7498
11.939,-6.5397,8.9732
11.286,-11.707,2.8432
5.2634,-6.1176,2.8722
11.437,-0.16725,3.0872
11.297,-10.614,8.7052
5.8397,-5.6007,8.9122
0.07886,-10.688,8.9562
-0.4246,-8.4821,0.21424
11.744,-8.3202,0.90124
5.8778,-2.9858,0.30124
0.15593,-8.62,5.1752
11.972,-8.4616,5.2242
6.6507,-2.9398,5.7602
5.8001,-8.6822,-0.004762
12.093,-2.5983,-0.27376
5.4663,-8.4291,6.4002
11.909,-2.6746,6.3572
2.8854,-11.016,-0.20776
8.7374,-6.0136,-0.28376
3.1081,-10.852,6.4132
8.8385,-5.4189,6.6722
8.702,-11.235,0.27024
2.8967,-5.5116,0.000238
8.6257,-0.080981,0.21024
8.8675,-10.857,5.5132
3.514,-5.0724,6.0982
8.9191,0.0045785,6.3272
5.7824,-0.52151,9.0859
-0.4246,-8.4821,12.05
11.744,-8.3202,12.737
5.8778,-2.9858,12.137
5.8001,-8.6822,11.831
12.093,-2.5983,11.562
2.8854,-11.016,11.628
8.7374,-6.0136,11.552
8.702,-11.235,12.106
2.8967,-5.5116,11.836
8.6257,-0.080981,12.046
0.35072,-4.657,-8.8677
-6.5577,-0.19092,-8.9397
5.6837,0.094752,-8.8867
-0.71983,6.1193,-8.5677
-0.20011,-5.3196,-3.0727
-5.2397,-0.40588,-3.3187
0.44194,4.9575,-3.0987
-0.21142,-0.21001,-9.2287
-6.2339,5.3797,-9.1997
5.6816,5.7339,-9.1827
-0.060104,11.33,-8.9847
-0.20011,0.88318,-3.3667
-5.6576,5.8966,-3.1597
5.4652,5.8838,-3.4617
-11.418,0.80893,-3.1157
-6.0104,-2.861,-11.83
-11.922,3.0151,-11.858
0.24678,3.177,-11.171
-5.6194,8.5114,-11.771
-4.9469,-2.8553,-6.4207
-11.341,2.8772,-6.8967
0.47447,3.0356,-6.8477
-4.8465,8.5574,-6.3117
-0.4278,-2.593,-12.539
-5.6972,2.815,-12.077
5.8329,2.8701,-12.44
0.59609,8.8989,-12.346
-0.12728,-2.4763,-5.9097
-6.0309,3.0681,-5.6717
6.2027,2.9387,-5.8067
0.41224,8.8226,-5.7147
-2.8185,-5.8916,-12.109
-8.6119,0.48154,-12.28
2.9465,-0.68801,-11.986
-2.7598,5.4836,-12.356
-2.3632,-5.6894,-7.0617
-8.3891,0.64488,-5.6587
3.3425,-0.17183,-5.8067
-2.6587,6.0783,-5.3997
-2.7952,0.26234,-11.802
-8.6005,5.9857,-12.072
2.9967,5.4871,-11.711
-2.8716,11.416,-11.862
-2.6297,0.63993,-6.5587
-7.9832,6.4248,-5.9737
3.4167,5.5876,-6.4467
-2.5781,11.502,-5.7447
0.35072,-4.657,2.968
-6.5577,-0.19092,2.896
5.6837,0.094752,2.949
-0.71983,6.1193,3.268
-0.20011,-5.3196,8.763
-5.2397,-0.40588,8.517
-5.7148,10.976,-2.986
0.44194,4.9575,8.737
-0.21142,-0.21001,2.607
-6.2339,5.3797,2.636
5.6816,5.7339,2.653
-0.060104,11.33,2.851
-0.20011,0.88318,8.469
-5.6576,5.8966,8.676
5.4652,5.8838,8.374
-11.418,0.80893,8.72
-6.0104,-2.861,0.006
-11.922,3.0151,-0.022
0.24678,3.177,0.665
-5.6194,8.5114,0.065
-4.9469,-2.8553,5.415
-11.341,2.8772,4.939
0.47447,3.0356,4.988
-4.8465,8.5574,5.524
-0.4278,-2.593,-0.703
-5.6972,2.815,-0.241
5.8329,2.8701,-0.604
0.59609,8.8989,-0.51
-0.12728,-2.4763,5.926
-6.0309,3.0681,6.164
6.2027,2.9387,6.029
0.41224,8.8226,6.121
-2.8185,-5.8916,-0.273
-8.6119,0.48154,-0.444
2.9465,-0.68801,-0.15
-2.7598,5.4836,-0.52
-2.3632,-5.6894,4.774
-8.3891,0.64488,6.177
3.3425,-0.17183,6.029
-2.6587,6.0783,6.436
-2.7952,0.26234,0.034
-8.6005,5.9857,-0.236
2.9967,5.4871,0.125
-2.8716,11.416,-0.026
-2.6297,0.63993,5.277
-7.9832,6.4248,5.862
3.4167,5.5876,5.389
-2.5781,11.502,6.091
-5.7148,10.976,8.8497
-6.0104,-2.861,11.842
-11.922,3.0151,11.814
0.24678,3.177,12.501
-5.6194,8.5114,11.901
-0.4278,-2.593,11.133
-5.6972,2.815,11.595
5.8329,2.8701,11.232
0.59609,8.8989,11.326
-2.8185,-5.8916,11.563
-8.6119,0.48154,11.392
2.9465,-0.68801,11.686
-2.7598,5.4836,11.316
-2.7952,0.26234,11.87
-8.6005,5.9857,11.6
2.9967,5.4871,11.961
-2.8716,11.416,11.81
-11.146,6.8402,-9.1039
-5.8135,11.592,-9.1229
-11.697,6.1777,-3.3089
-11.709,11.287,-9.4649
-11.697,12.38,-3.6029
-11.925,8.9043,-12.775
-11.624,9.0209,-6.1459
-8.5507,10.809,-12.222
-8.1547,11.325,-6.0429
-11.146,6.8402,2.7318
-5.8135,11.592,2.7128
-11.697,6.1777,8.5268
-11.709,11.287,2.3708
-11.697,12.38,8.2328
-11.925,8.9043,-0.93924
-11.624,9.0209,5.6898
-8.5507,10.809,-0.38624
-8.1547,11.325,5.7928
-11.925,8.9043,10.896
-8.5507,10.809,11.449
11.611,0.77419,-2.6424
11.107,2.9804,-11.384
11.688,2.8425,-6.4234
11.611,0.77419,9.1933
11.107,2.9804,0.4513
11.688,2.8425,5.4123
11.107,2.9804,12.287
11.883,6.8055,-8.6306
4.9744,11.272,-8.7026
11.332,6.1429,-2.8356
6.2924,11.057,-3.0816
11.321,11.252,-8.9916
11.332,12.346,-3.1296
0.11371,12.271,-2.8786
5.5217,8.6015,-11.593
6.5851,8.6072,-6.1836
11.104,8.8695,-12.302
11.405,8.9862,-5.6726
8.7135,5.5709,-11.872
2.9202,11.944,-12.043
9.1689,5.7731,-6.8246
3.143,12.107,-5.4216
8.7369,11.725,-11.565
8.9023,12.102,-6.3216
11.883,6.8055,3.2051
4.9744,11.272,3.1331
11.332,6.1429,9.0001
6.2924,11.057,8.7541
11.321,11.252,2.8441
11.332,12.346,8.7061
0.11371,12.271,8.9571
5.5217,8.6015,0.24306
6.5851,8.6072,5.6521
11.104,8.8695,-0.46594
11.405,8.9862,6.1631
8.7135,5.5709,-0.035942
2.9202,11.944,-0.20694
9.1689,5.7731,5.0111
3.143,12.107,6.4141
8.7369,11.725,0.27106
8.9023,12.102,5.5141
5.5217,8.6015,12.079
11.104,8.8695,11.37
8.7135,5.5709,11.8
2.9202,11.944,11.629
8.7369,11.725,12.107
0,0,0
-0.13223,-5.5458,-0.349
0.0021213,5.6137,-0.465
-5.7905,-0.24112,0.154
5.8244,-0.14637,0.145
0.55932,0.38679,-5.9067
0.55932,0.38679,5.929
0.26799,-5.6264,5.388
-5.4249,-0.10324,5.684
5.6816,5.5246,-0.504
-5.7771,5.6653,0.096
5.7202,-5.8319,0.33224
-5.4249,-0.10324,-6.1517
0.070711,5.8322,5.848
0.070711,5.8322,-5.9877
-5.8505,-5.9379,-0.74106
6.2017,-0.065425,-5.6404
0.26799,-5.6264,-6.4477
6.2017,-0.065425,6.1952
-5.4474,-5.8346,5.3329
-5.3563,5.7,5.766
-5.3563,5.7,-6.0697
6.0847,5.6279,5.57
6.1409,-5.7972,-5.8334
-5.4474,-5.8346,-6.5027
6.1409,-5.7972,6.0022
6.0847,5.6279,-6.2657
-0.039798,-11.362,-0.27482
11.492,0.10004,-0.037762
-11.537,0.13478,-0.51106
-0.0049497,11.597,-0.274
0,0,-11.836
0,0,11.836
5.7416,11.221,0.39106
0.27756,-11.31,-5.6334
-11.22,0.18738,-5.8697
0.0021213,5.6137,11.371
-5.6728,11.351,-0.091238
-11.22,0.18738,5.966
-0.13223,-5.5458,11.487
11.4,5.9166,-0.11194
0.27756,-11.31,6.2022
11.499,-5.8835,-0.22876
-5.7076,-11.609,-0.092058
0.31241,11.65,-5.6326
-11.53,-5.8488,-0.70206
11.81,0.15264,-5.3964
-5.7905,-0.24112,-11.682
5.7067,-11.738,0.39024
5.8244,-0.14637,-11.691
-11.629,5.9514,-0.58524
0.31241,11.65,6.2031
-5.7905,-0.24112,11.99
5.8244,-0.14637,11.981
-0.13223,-5.5458,-12.185
11.81,0.15264,6.4393
0.0021213,5.6137,-12.301
-11.229,5.8708,5.1518
5.6816,5.5246,11.332
-5.8505,-5.9379,11.095
-5.2955,11.432,-5.8767
-5.2955,11.432,5.959
-11.461,-5.6303,5.6109
-5.3304,-11.528,-5.8775
-5.3304,-11.528,5.9582
11.568,-5.665,-5.7514
5.7202,-5.8319,-11.503
6.1071,11.359,-5.9146
6.1071,11.359,5.9211
-11.461,-5.6303,-6.2247
11.568,-5.665,6.0842
-5.7771,5.6653,-11.74
11.8,5.836,5.6251
-11.229,5.8708,-6.6839
6.0723,-11.6,-5.9154
6.0723,-11.6,5.9202
-5.7771,5.6653,11.932
11.8,5.836,-6.2106
5.7202,-5.8319,12.168
5.6816,5.5246,-12.34
-5.8505,-5.9379,-12.577
-11.537,0.13478,11.325
-0.039798,-11.362,11.561
11.497,-11.497,0.23624
-11.497,11.497,-0.23624
-11.532,-11.462,-0.23706
11.532,11.462,0.23706
-0.0049497,11.597,11.562
11.492,0.10004,11.798
11.492,0.10004,-11.873
-10.973,-11.076,5.6919
-0.039798,-11.362,-12.11
-10.973,-11.076,-6.1437
-0.0049497,11.597,-12.11
-11.537,0.13478,-12.347
5.7416,11.221,-11.445
-11.53,-5.8488,11.134
-10.938,11.884,5.6928
-11.629,5.9514,11.25
-10.938,11.884,-6.1429
-5.6728,11.351,11.744
12.057,-11.11,-5.6704
5.7067,-11.738,-11.445
11.499,-5.8835,11.607
11.4,5.9166,11.724
-5.6728,11.351,-11.927
-5.7076,-11.609,11.744
12.057,-11.11,6.1652
11.4,5.9166,-11.948
5.7416,11.221,12.227
-5.7076,-11.609,-11.928
11.499,-5.8835,-12.064
12.091,11.849,-5.6696
5.7067,-11.738,12.226
-11.53,-5.8488,-12.538
12.091,11.849,6.1661
-11.629,5.9514,-12.421
-11.532,-11.462,11.599
11.532,11.462,-11.599
11.497,-11.497,-11.599
-11.497,11.497,11.599
11.497,-11.497,12.072
-11.497,11.497,-12.072
-11.532,-11.462,-12.073
11.532,11.462,12.073
