-3.8736,-10.141,-10.033
-9.8176,-4.4351,-9.5274
-10.682,-10.096,-9.8644
-3.8736,-10.141,2.861
-9.8176,-4.4351,3.367
-9.0673,-9.9597,-3.282
-10.682,-10.096,3.03
-9.0673,-9.9597,9.6124
-9.4211,8.8752,-10.028
2.8037,-3.3496,-10.028
-3.194,2.4204,-10.032
9.2369,2.9691,-10.033
3.293,8.6755,-9.5274
-10.09,2.1454,-9.7954
-3.7554,-4.068,-10.154
-3.5058,8.6493,-10.088
2.4289,3.0144,-9.8644
9.0308,-9.8043,-10.032
2.1343,-10.079,-9.7954
8.7189,-3.5754,-10.088
-9.4211,8.8752,2.866
-8.7882,9.4911,-3.835
2.8037,-3.3496,2.866
-3.194,2.4204,2.862
9.2369,2.9691,2.861
3.293,8.6755,3.367
-9.4165,-3.1205,-2.922
-3.2612,-9.4809,-3.246
-2.6481,3.2746,-3.63
3.4365,-2.7337,-3.835
-8.8028,2.979,-3.879
-2.8178,-2.9734,-3.639
-2.3045,9.0927,-3.151
4.0432,3.1509,-3.282
-10.09,2.1454,3.099
-3.7554,-4.068,2.74
-3.5058,8.6493,2.806
2.4289,3.0144,3.03
9.0308,-9.8043,2.862
9.5766,-8.9501,-3.63
3.422,-9.2457,-3.879
9.9203,-3.1321,-3.151
2.1343,-10.079,3.099
8.7189,-3.5754,2.806
-8.7882,9.4911,9.0594
-9.4165,-3.1205,9.9724
-3.2612,-9.4809,9.6484
-2.6481,3.2746,9.2644
3.4365,-2.7337,9.0594
-8.8028,2.979,9.0154
-2.8178,-2.9734,9.2554
-2.3045,9.0927,9.7434
4.0432,3.1509,9.6124
9.5766,-8.9501,9.2644
3.422,-9.2457,9.0154
9.9203,-3.1321,9.7434
9.3551,9.0426,-10.154
3.694,9.9901,-2.922
9.8494,3.6297,-3.246
10.293,10.137,-3.639
9.3551,9.0426,2.74
3.694,9.9901,9.9724
9.8494,3.6297,9.6484
10.293,10.137,9.2554
-9.3374,-9.4477,-9.7914
-9.8586,-4.5086,-3.25
-9.3374,-9.4477,3.103
-10.426,-10.485,-3.572
-3.6789,-10.909,-3.467
-9.8586,-4.5086,9.6444
-10.426,-10.485,9.3224
-3.6789,-10.909,9.4274
-8.4806,10.021,-10.166
-9.0821,-3.1396,-9.6024
-3.3043,-8.7717,-10.104
-2.8857,3.8672,-9.8654
3.7441,-2.2041,-10.166
-8.6366,2.3533,-10.085
-2.3667,-3.532,-10.098
-2.0775,9.1287,-10.165
3.7731,3.6628,-9.7914
9.3391,-8.3576,-9.8654
3.5882,-9.8715,-10.085
10.147,-3.096,-10.165
-8.4806,10.021,2.728
-9.3543,8.1098,-3.857
-3.3814,1.97,-3.497
3.252,8.602,-3.25
-9.0821,-3.1396,3.292
-3.3043,-8.7717,2.79
-2.8857,3.8672,3.029
3.7441,-2.2041,2.728
-8.6366,2.3533,2.809
-2.3667,-3.532,2.796
-2.0775,9.1287,2.729
3.7731,3.6628,3.103
-10.165,2.3879,-3.663
-3.9089,-3.9372,-3.294
-3.7024,9.0962,-3.717
2.6849,2.6255,-3.572
2.8704,-4.1149,-3.857
8.8434,-10.255,-3.497
9.4317,2.2016,-3.467
9.3391,-8.3576,3.029
3.5882,-9.8715,2.809
10.147,-3.096,2.729
2.0601,-9.8369,-3.663
8.5223,-3.1285,-3.717
-9.3543,8.1098,9.0374
-3.3814,1.97,9.3974
3.252,8.602,9.6444
-10.165,2.3879,9.2314
-3.9089,-3.9372,9.6004
-3.7024,9.0962,9.1774
2.6849,2.6255,9.3224
2.8704,-4.1149,9.0374
8.8434,-10.255,9.3974
9.4317,2.2016,9.4274
2.0601,-9.8369,9.2314
8.5223,-3.1285,9.1774
4.0285,9.971,-9.6024
9.8063,4.3389,-10.104
10.744,9.5786,-10.098
4.0285,9.971,3.292
9.8063,4.3389,2.79
10.744,9.5786,2.796
9.2017,9.1734,-3.294
9.2017,9.1734,9.6004
-12.46,-7.1878,-9.8234
-13.481,-12.665,-9.8404
-11.903,-3.6127,-6.9444
-5.6994,-9.9547,-7.0944
-9.7964,-12.302,-7.0314
-11.79,-3.7605,-12.677
-5.78,-10.048,-13.136
-13.544,-10.116,-13.281
-9.7992,-7.8334,-13.589
-9.9774,-12.418,-12.615
-6.006,-13.369,-9.9174
-3.5997,-13.763,-13.212
-13.302,-6.8944,-3.337
-7.0796,-12.765,-3.468
-12.46,-7.1878,3.071
-13.481,-12.665,3.054
-12.759,-14.156,-3.391
-12.359,-1.2234,-3.381
-6.1491,-7.5463,-3.631
-13.458,-10.055,-6.523
-11.903,-3.6127,5.95
-5.6994,-9.9547,5.8
-9.7964,-12.302,5.863
-9.5927,-7.5251,-5.983
-11.79,-3.7605,0.217
-5.78,-10.048,-0.242
-13.544,-10.116,-0.387
-9.7992,-7.8334,-0.695
-9.9774,-12.418,0.279
-6.006,-13.369,2.977
-0.13415,-13.448,-3.381
-3.348,-13.698,-6.276
-3.5997,-13.763,-0.318
-13.302,-6.8944,9.5574
-7.0796,-12.765,9.4264
-12.759,-14.156,9.5034
-12.359,-1.2234,9.5134
-6.1491,-7.5463,9.2634
-13.458,-10.055,6.3714
-9.5927,-7.5251,6.9114
-11.79,-3.7605,13.111
-5.78,-10.048,12.652
-13.544,-10.116,12.507
-9.7992,-7.8334,12.199
-9.9774,-12.418,13.173
-0.13415,-13.448,9.5134
-3.348,-13.698,6.6184
-3.5997,-13.763,12.576
-12.595,12.67,-9.8404
-11.728,8.9077,-7.1564
-8.9105,13.033,-7.0314
-11.554,8.9127,-12.915
-9.0916,12.917,-12.615
-12.084,5.2036,-10.095
-5.6371,-1.1116,-9.7464
-5.1202,11.966,-9.9174
0.65054,5.9227,-9.8234
-13.096,0.30618,-9.7854
-6.8964,-6.3279,-10.047
-6.9565,6.3526,-10.328
-0.37052,0.44548,-9.8404
-6.7225,9.121,-6.7724
-5.304,2.7174,-6.9814
0.4971,-3.317,-7.1564
1.2077,9.4979,-6.9444
7.4112,3.1558,-7.0944
-9.3784,0.36699,-6.7944
-3.317,-5.8273,-7.0674
-2.9423,6.4891,-6.9434
3.3142,0.80822,-7.0314
-9.2072,4.8953,-6.8284
-5.1633,2.4834,-12.765
0.67034,-3.3121,-12.915
1.3202,9.3501,-12.677
7.3306,3.0625,-13.136
-13.127,2.4926,-13.355
-6.9162,-3.5263,-13.395
-6.8137,9.092,-13.699
-0.43346,2.9946,-13.281
-9.3409,5.0275,-13.809
-2.9755,-0.80893,-13.495
-2.7139,11.573,-13.212
3.3114,5.2771,-13.589
-9.425,-0.23547,-12.585
-3.5023,-6.359,-13.133
-2.9189,6.5676,-12.999
3.1332,0.69226,-12.615
0.14101,-7.0212,-10.095
6.5877,-13.336,-9.7464
7.1046,-0.25839,-9.9174
12.875,-6.302,-9.8234
-0.87157,-11.919,-9.7854
5.2682,-5.8721,-10.328
11.854,-11.779,-9.8404
5.5023,-3.1038,-6.7724
6.9207,-9.5073,-6.9814
13.432,-2.7269,-6.9444
2.8464,-11.858,-6.7944
9.2825,-5.7356,-6.9434
3.0175,-7.3295,-6.8284
7.0615,-9.7414,-12.765
13.545,-2.8747,-12.677
-0.90268,-9.7322,-13.355
5.4111,-3.1328,-13.699
11.791,-9.2302,-13.281
2.8839,-7.1972,-13.809
9.2493,-13.034,-13.495
9.5109,-0.65224,-13.212
2.7997,-12.46,-12.585
9.3058,-5.6571,-12.999
-13.127,5.9555,-3.479
-6.1938,12.571,-3.468
-12.595,12.67,3.054
-11.873,11.179,-3.391
-11.728,8.9077,5.738
-8.9105,13.033,5.863
-11.554,8.9127,-0.021
-9.0916,12.917,0.279
-6.982,0.13859,-3.379
-0.90227,-6.2692,-3.479
-0.19163,6.2162,-3.337
6.0309,0.34578,-3.468
-12.084,5.2036,2.799
-5.6371,-1.1116,3.148
-5.1202,11.966,2.977
0.65054,5.9227,3.071
-13.096,0.30618,3.109
-6.8964,-6.3279,2.847
-6.9565,6.3526,2.566
-0.37052,0.44548,3.054
-5.6286,5.3358,-3.498
0.35143,-1.0458,-3.391
0.75165,11.887,-3.381
6.9615,5.5642,-3.631
-13.444,2.6057,-6.167
-7.3673,-3.6395,-6.21
-6.7225,9.121,6.122
-0.34719,3.0554,-6.523
-5.304,2.7174,5.913
0.4971,-3.317,5.738
1.2077,9.4979,5.95
7.4112,3.1558,5.8
-9.3784,0.36699,6.1
-3.317,-5.8273,5.827
-2.9423,6.4891,5.951
3.3142,0.80822,5.863
-9.2072,4.8953,6.066
-3.001,-0.88813,-6.515
-2.4621,11.638,-6.276
3.5179,5.5854,-5.983
-5.1633,2.4834,0.129
0.67034,-3.3121,-0.021
1.3202,9.3501,0.217
7.3306,3.0625,-0.242
-13.127,2.4926,-0.461
-6.9162,-3.5263,-0.501
-6.8137,9.092,-0.805
-0.43346,2.9946,-0.387
-9.3409,5.0275,-0.915
-2.9755,-0.80893,-0.601
-2.7139,11.573,-0.318
3.3114,5.2771,-0.695
-9.425,-0.23547,0.309
-3.5023,-6.359,-0.239
-2.9189,6.5676,-0.105
3.1332,0.69226,0.279
5.2428,-12.086,-3.379
12.033,-6.0086,-3.337
0.14101,-7.0212,2.799
6.5877,-13.336,3.148
7.1046,-0.25839,2.977
12.875,-6.302,3.071
-0.87157,-11.919,3.109
5.2682,-5.8721,2.566
11.854,-11.779,3.054
6.5962,-6.8889,-3.498
12.576,-13.271,-3.391
12.976,-0.33758,-3.381
-1.2195,-9.6191,-6.167
5.5023,-3.1038,6.122
11.878,-9.1693,-6.523
6.9207,-9.5073,5.913
13.432,-2.7269,5.95
2.8464,-11.858,6.1
9.2825,-5.7356,5.951
3.0175,-7.3295,6.066
9.2238,-13.113,-6.515
9.7626,-0.58719,-6.276
7.0615,-9.7414,0.129
13.545,-2.8747,0.217
-0.90268,-9.7322,-0.461
5.4111,-3.1328,-0.805
11.791,-9.2302,-0.387
2.8839,-7.1972,-0.915
9.2493,-13.034,-0.601
9.5109,-0.65225,-0.318
2.7997,-12.46,0.309
9.3058,-5.6571,-0.105
-13.127,5.9555,9.4154
-6.1938,12.571,9.4264
-11.873,11.179,9.5034
-11.554,8.9127,12.873
-9.0916,12.917,13.173
-6.982,0.13859,9.5154
-0.90227,-6.2692,9.4154
-0.19163,6.2162,9.5574
6.0309,0.34577,9.4264
-5.6286,5.3358,9.3964
0.35143,-1.0458,9.5034
0.75165,11.887,9.5134
6.9615,5.5642,9.2634
-13.444,2.6057,6.7274
-7.3673,-3.6395,6.6844
-0.34719,3.0554,6.3714
-3.001,-0.88813,6.3794
-2.4621,11.638,6.6184
3.5179,5.5854,6.9114
-5.1633,2.4834,13.023
0.67034,-3.3121,12.873
1.3202,9.3501,13.111
7.3306,3.0625,12.652
-13.127,2.4925,12.433
-6.9162,-3.5263,12.393
-6.8137,9.092,12.089
-0.43346,2.9946,12.507
-9.3409,5.0275,11.979
-2.9755,-0.80893,12.293
-2.7139,11.573,12.576
3.3114,5.2771,12.199
-9.425,-0.23547,13.203
-3.5023,-6.359,12.655
-2.9189,6.5676,12.789
3.1332,0.69226,13.173
5.2428,-12.086,9.5154
12.033,-6.0086,9.5574
6.5962,-6.8889,9.3964
12.576,-13.271,9.5034
12.976,-0.33758,9.5134
-1.2195,-9.6191,6.7274
11.878,-9.1693,6.3714
9.2238,-13.113,6.3794
9.7626,-0.58719,6.6184
7.0615,-9.7414,13.023
13.545,-2.8747,13.111
-0.90268,-9.7322,12.433
5.4111,-3.1328,12.089
11.791,-9.2302,12.507
2.8839,-7.1972,11.979
9.2493,-13.034,12.293
9.5109,-0.65225,12.576
2.7997,-12.46,13.203
9.3058,-5.6571,12.789
7.4735,11.999,-9.7464
0.014236,13.417,-9.7854
6.2141,6.7827,-10.047
12.74,13.556,-9.8404
13.608,9.7935,-7.1564
3.7322,13.478,-6.7944
9.7935,7.2833,-7.0674
13.781,9.7985,-12.915
6.1943,9.5842,-13.395
10.135,12.302,-13.495
3.6855,12.875,-12.585
9.6083,6.7516,-13.133
13.252,6.0894,-10.095
12.239,1.192,-9.7854
12.208,3.3784,-13.355
6.1286,13.249,-3.379
12.208,6.8414,-3.479
7.4735,11.999,3.148
0.014236,13.417,3.109
6.2141,6.7827,2.847
12.74,13.556,3.054
13.462,12.065,-3.391
5.7432,9.4711,-6.21
13.608,9.7935,5.738
3.7322,13.478,6.1
9.7935,7.2833,5.827
10.11,12.222,-6.515
13.781,9.7985,-0.021
6.1943,9.5842,-0.501
10.135,12.302,-0.601
3.6855,12.875,0.309
9.6083,6.7515,-0.239
13.252,6.0894,2.799
12.239,1.192,3.109
11.891,3.4915,-6.167
12.208,3.3784,-0.461
6.1286,13.249,9.5154
12.208,6.8414,9.4154
13.462,12.065,9.5034
5.7432,9.4711,6.6844
10.11,12.222,6.3794
13.781,9.7985,12.873
6.1943,9.5842,12.393
10.135,12.302,12.293
3.6855,12.875,13.203
9.6083,6.7515,12.655
11.891,3.4915,6.7274
12.208,3.3784,12.433
0,0,0
-6.1193,-0.42285,0.173
0.51195,6.1631,-0.098
-0.027577,-6.2982,-0.569
-0.025456,-0.2687,-6.392
6.4156,0.12516,-0.26
-0.025456,-0.2687,6.5024
-6.1306,5.91,-0.418
6.3145,0.16688,5.965
0.49497,5.9043,6.3594
6.0941,-6.3148,-0.418
-0.14891,-6.6478,5.782
0.49497,5.9043,-6.535
-6.5238,-0.39739,-6.31
6.5506,6.3526,-0.626
-6.5238,-0.3974,6.5844
6.3145,0.16688,-6.9294
-6.5599,-6.7579,-0.626
-0.14891,-6.6478,-7.1124
-5.9503,5.8046,6.136
-5.9503,5.8046,-6.7584
6.2745,-6.4201,6.136
6.562,6.456,6.026
-6.5485,-6.6546,6.026
6.2745,-6.4201,-6.7584
6.562,6.456,-6.8684
-6.5485,-6.6546,-6.8684
0.45113,12.497,0.135
-12.659,-0.61316,0.135
12.676,0.27265,0.135
-0.43467,-12.838,0.135
5.583e-16,1.4142e-06,-12.894
-5.583e-16,-1.4142e-06,12.894
-12.252,5.9266,-0.569
-5.8092,12.35,-0.26
-0.027577,-6.2982,12.325
0.51265,12.419,6.2604
6.1055,-12.648,0.173
-12.598,-0.69165,6.2604
0.51265,12.419,-6.634
12.737,-6.0616,-0.098
-6.1193,-0.42285,-12.721
6.4156,0.12516,12.634
12.737,0.19416,6.2604
0.51195,6.1631,12.796
-12.598,-0.69164,-6.634
-0.37315,-12.916,6.2604
12.737,0.19416,-6.634
-12.599,-6.9474,-0.098
0.51195,6.1631,-12.992
-6.1193,-0.42285,13.067
6.9913,12.688,0.173
-0.37315,-12.916,-6.634
-6.695,-12.985,-0.26
6.4156,0.12516,-13.154
-12.374,5.577,5.782
13.083,6.8124,-0.569
-0.027577,-6.2982,-13.463
-5.9103,12.392,5.965
-6.1306,5.91,12.476
5.701,-12.622,-6.31
6.0941,-6.3148,12.476
6.5506,6.3526,12.268
-12.374,5.577,-7.1124
5.701,-12.622,6.5844
-5.9103,12.392,-6.9294
-6.5599,-6.7579,12.268
12.72,-6.3204,6.3594
12.962,6.4628,5.782
12.72,-6.3204,-6.535
6.5868,12.713,-6.31
6.5868,12.713,6.5844
-6.7961,-12.944,5.965
-6.1306,5.91,-13.312
-12.616,-7.2062,6.3594
-12.616,-7.2062,-6.535
6.0941,-6.3148,-13.312
12.962,6.4628,-7.1124
-6.7961,-12.944,-6.9294
6.5506,6.3526,-13.52
-6.5599,-6.7579,-13.52
-12.225,12.225,-1.0586e-15
12.225,-12.225,1.0586e-15
0.45113,12.497,-12.759
-12.659,-0.61315,-12.759
12.676,0.27265,-12.759
0.45113,12.497,13.029
-0.43467,-12.838,-12.759
-12.659,-0.61316,13.029
12.676,0.27265,13.029
-12.25,11.956,-6.392
-0.43467,-12.838,13.029
-12.25,11.956,6.5024
-12.252,5.9266,12.325
-13.111,-13.111,0
13.111,13.111,0
12.199,-12.493,-6.392
-5.8092,12.35,12.634
12.199,-12.493,6.5024
6.1055,-12.648,-12.721
-5.8092,12.35,-13.154
12.737,-6.0616,12.796
-12.252,5.9266,-13.463
12.737,-6.0616,-12.992
6.1055,-12.648,13.067
13.083,6.8124,12.325
-12.599,-6.9474,12.796
6.9913,12.688,-12.721
-6.695,-12.985,12.634
-12.599,-6.9474,-12.992
13.085,12.842,-6.392
13.085,12.842,6.5024
6.9913,12.688,13.067
-6.695,-12.985,-13.154
-13.136,-13.379,-6.392
-13.136,-13.379,6.5024
13.083,6.8124,-13.463
12.225,-12.225,-12.894
-12.225,12.225,12.894
-12.225,12.225,-12.894
12.225,-12.225,12.894
-13.111,-13.111,-12.894
13.111,13.111,12.894
-13.111,-13.111,12.894
13.111,13.111,-12.894
