-3.5394,-10.437,-9.8098
-8.5669,-10.124,-10.367
-3.5398,-10.435,3.3675
-8.5673,-10.123,2.8105
-2.9727,-10.67,-3.1785
-10.329,-3.7008,-3.6675
-8.6366,-10.483,-3.9405
-2.9731,-10.669,9.9987
-10.33,-3.6994,9.5097
-8.6371,-10.482,9.2367
10.018,-9.414,-9.6133
9.7525,-5.0002,-10.181
10.018,-9.4127,3.5639
9.7521,-4.9989,2.9959
8.4849,-10.57,-3.2231
8.4845,-10.568,9.9541
9.1348,2.236,-9.8102
-8.7352,-4.2935,-9.6232
3.9107,-3.6783,-10.239
-2.584,3.1899,-9.6152
2.4824,-9.8414,-9.3762
-3.7324,-3.406,-9.3032
-2.8499,7.6036,-10.183
4.1073,2.5485,-10.367
9.1344,2.2373,3.367
-8.7356,-4.2921,3.554
3.9103,-3.677,2.938
-2.5845,3.1912,3.562
2.4819,-9.8401,3.801
-3.7328,-3.4047,3.874
-2.8503,7.6049,2.994
4.1069,2.5498,2.81
3.1869,-4.3537,-3.859
-4.1175,2.0343,-3.225
9.7015,2.0025,-3.179
2.3448,8.9718,-3.668
3.2633,-9.0234,-2.778
-3.6161,-2.8397,-2.849
9.9271,-3.2548,-3.012
4.0376,2.1892,-3.941
3.1865,-4.3523,9.3182
-4.1179,2.0357,9.9522
9.7011,2.0038,9.9982
2.3443,8.9731,9.5092
3.2629,-9.0221,10.399
-3.6166,-2.8384,10.328
9.9266,-3.2535,10.165
4.0371,2.1905,9.2362
-8.6917,8.9256,-10.241
-10.12,2.7624,-9.3781
-8.6921,8.9269,2.9361
-10.12,2.7637,3.7991
-9.4155,8.2502,-3.8609
-9.3391,3.5805,-2.7799
-2.6753,9.349,-3.0139
-9.4159,8.2515,9.3163
-9.3395,3.5818,10.397
-2.6758,9.3504,10.163
3.939,8.3791,-9.6237
8.9418,9.2665,-9.3037
3.9386,8.3804,3.5535
8.9414,9.2678,3.8735
9.0581,9.8328,-2.8495
9.0576,9.8341,10.328
-10.102,-3.7297,-9.8148
-9.5441,-9.004,-10.036
-10.102,-3.7283,3.3625
-9.5446,-9.0026,3.1415
-9.5382,-10.806,-2.7705
-9.5386,-10.805,10.407
9.22,-10.183,-10.6
3.9019,-9.9358,-9.8583
9.9165,-4.2875,-8.8733
9.2196,-10.181,2.5769
3.9015,-9.9345,3.3189
9.9161,-4.2861,4.3039
9.494,-10.193,-4.2741
9.226,-4.3144,-2.1661
9.4935,-10.191,8.9031
9.2255,-4.3131,11.011
4.1356,-2.8057,-9.0952
-3.3824,2.4212,-10.602
-2.2277,-10.889,-9.2212
2.5722,8.9429,-9.8152
-3.924,-4.8026,-9.7262
-8.7005,2.668,-9.8602
3.1301,3.6686,-10.036
-2.6859,8.3164,-8.8752
4.1352,-2.8044,4.082
-3.3828,2.4225,2.575
-2.2281,-10.887,3.956
2.5717,8.9442,3.362
-3.9244,-4.8013,3.451
-8.7009,2.6693,3.317
3.1297,3.6699,3.141
-2.6863,8.3177,4.302
-2.5222,-9.6541,-2.166
-9.1733,-3.8262,-2.718
3.0731,-3.4747,-2.62
-3.1084,2.4112,-4.276
-3.7356,-4.3225,-3.063
2.6771,-9.85,-3.869
3.136,1.8661,-2.771
-3.3764,8.2894,-2.168
-2.5227,-9.6528,11.011
-9.1737,-3.8248,10.459
3.0727,-3.4734,10.557
-3.1089,2.4126,8.9012
-3.7361,-4.3212,10.114
2.6767,-9.8487,9.3082
3.1356,1.8674,10.406
-3.3769,8.2907,11.009
-8.4668,9.7981,-9.0971
-8.4672,9.7995,4.0801
-9.5293,9.1291,-2.6219
-9.9253,2.7538,-3.8709
-9.5298,9.1304,10.555
-9.9257,2.7552,9.3063
10.447,1.7839,-9.2217
8.7502,7.87,-9.7267
10.446,1.7852,3.9555
8.7498,7.8713,3.4505
10.152,3.0184,-2.1665
3.5009,8.8464,-2.7185
8.9386,8.35,-3.0635
10.152,3.0197,11.011
3.5005,8.8477,10.459
8.9381,8.3513,10.114
-6.2617,-13.295,-9.8488
-12.165,-6.6592,-9.6988
-5.9145,-7.7234,-9.5718
-0.69044,-13.772,-10.049
-12.209,-14.006,-10.148
-12.144,-10.311,-7.3908
-6.3544,-9.8589,-13.384
-12.972,-3.9623,-13.39
-11.965,-9.9494,-12.029
-9.6311,-13.51,-13.488
-3.3329,-12.951,-13.304
-9.7817,-6.3891,-13.15
-12.98,-12.168,-3.0835
-6.7239,-6.5695,-3.0815
-6.2622,-13.293,3.3285
-12.165,-6.6579,3.4785
-5.915,-7.7221,3.6055
-0.69087,-13.771,3.1285
-12.209,-14.005,3.0295
-6.1137,-14.442,-3.2265
-12.27,-8.1789,-3.1745
-9.4576,-13.526,-6.0225
-2.8829,-13.486,-6.3995
-9.1578,-7.3021,-6.6635
-12.145,-10.31,5.7865
-6.3548,-9.8575,-0.20654
-12.973,-3.961,-0.21254
-5.5091,-10.379,-6.3285
-12.529,-4.3011,-6.6025
-11.965,-9.9481,1.1485
-9.6315,-13.509,-0.31054
-3.3333,-12.95,-0.12654
-9.7821,-6.3878,0.027461
-12.981,-12.167,10.094
-6.7243,-6.5682,10.096
-6.1141,-14.44,9.9507
-12.271,-8.1776,10.003
-9.458,-13.525,7.1547
-2.8833,-13.485,6.7777
-9.1582,-7.3007,6.5137
-6.3552,-9.8562,12.971
-12.973,-3.9597,12.965
-5.5095,-10.378,6.8487
-12.53,-4.2998,6.5747
-11.965,-9.9467,14.326
-9.632,-13.508,12.867
-3.3338,-12.948,13.051
-9.7826,-6.3865,13.205
-13.293,-1.1681,-10.051
-13.293,-1.1668,3.1266
6.5033,-12.433,-9.4593
13.112,-6.5905,-9.6973
13.068,-13.937,-10.146
6.5451,-7.7311,-9.9223
3.0866,-13.512,-7.3753
13.132,-10.243,-7.3893
5.5813,-10.031,-13.08
12.304,-3.8936,-13.388
13.312,-9.8807,-12.027
3.0152,-13.259,-11.836
9.5587,-8.3477,-13.536
9.4095,-13.292,-12.58
12.296,-12.1,-3.0821
0.11702,-13.378,-3.1031
6.5029,-12.431,3.7179
13.112,-6.5892,3.4799
13.068,-13.936,3.0309
6.5446,-7.7298,3.2549
5.2018,-12.98,-2.6591
13.006,-8.1102,-3.1731
3.0862,-13.51,5.8019
9.6283,-7.2298,-6.1961
9.8256,-12.293,-6.7321
13.132,-10.241,5.7879
5.5808,-10.03,0.096903
12.304,-3.8923,-0.2111
5.7392,-10.389,-5.9451
12.747,-4.2324,-6.6011
13.312,-9.8794,1.1499
3.0147,-13.258,1.3409
9.5583,-8.3464,-0.3591
9.4091,-13.291,0.5969
12.296,-12.098,10.095
0.11658,-13.377,10.074
5.2014,-12.979,10.518
13.006,-8.1089,10.004
9.6279,-7.2285,6.9811
9.8252,-12.292,6.4451
5.5804,-10.029,13.274
12.304,-3.891,12.966
5.7388,-10.388,7.2321
12.747,-4.2311,6.5761
13.311,-9.878,14.327
9.5579,-8.345,12.818
9.4087,-13.29,13.774
-0.63667,-5.7466,-10.363
-6.0991,0.17122,-9.4612
6.4125,-0.62216,-9.8492
0.50955,6.0133,-9.6992
6.7597,4.9491,-9.5722
11.984,-1.0995,-10.049
0.46571,-1.3335,-10.148
-6.0574,4.8728,-9.9242
-9.5158,-0.90783,-7.3772
3.2362,-6.7075,-7.0952
6.9435,-3.9491,-7.0442
0.53006,2.3611,-7.3912
-0.17634,-3.5298,-14.417
-7.0211,2.5726,-13.082
6.3198,2.8137,-13.384
-0.29797,8.7102,-13.39
-0.23786,-10.1,-12.338
-6.6054,-3.7264,-12.965
7.0757,-3.8423,-12.837
0.70966,2.7232,-12.029
-3.5528,-6.547,-13.697
-9.5872,-0.65539,-11.838
3.0431,-0.83782,-13.488
-3.0437,4.2562,-13.538
3.2008,-6.1008,-13.566
-3.1929,-0.68862,-12.582
9.3413,-0.2785,-13.304
2.8925,6.2834,-13.15
-0.30618,0.50417,-3.084
6.6546,-6.393,-3.39
5.9503,6.103,-3.082
-12.485,-0.77428,-3.105
-0.6371,-5.7452,2.814
-6.0995,0.17253,3.716
6.412,-0.62084,3.328
0.50912,6.0147,3.478
6.7592,4.9505,3.605
11.983,-1.0981,3.128
0.46528,-1.3322,3.029
-6.0578,4.8741,3.253
0.26092,-7.8637,-3.02
-7.4006,-0.37618,-2.661
6.5605,-1.7692,-3.227
0.40376,4.4937,-3.175
-2.9444,-7.5533,-6.538
-9.5162,-0.90651,5.8
3.2166,-0.85348,-6.023
-2.9741,5.374,-6.198
3.2357,-6.7062,6.082
-2.7768,0.31042,-6.734
9.7913,-0.81388,-6.4
3.5164,5.3705,-6.664
0.51053,-10.321,-6.502
-5.5522,-4.2837,-6.39
6.9431,-3.9478,6.133
0.52962,2.3624,5.786
-0.17678,-3.5285,-1.24
-7.0216,2.5739,0.095
6.3194,2.815,-0.207
-0.2984,8.7116,-0.213
-0.67034,-3.9301,-5.513
-6.8632,2.2147,-5.947
7.1651,2.2931,-6.329
0.14496,8.3714,-6.603
-0.23829,-10.098,0.839
-6.6058,-3.725,0.212
7.0753,-3.841,0.34
0.70923,2.7245,1.148
-3.5532,-6.5457,-0.52
-9.5877,-0.65407,1.339
3.0427,-0.83651,-0.311
-3.0441,4.2575,-0.361
3.2004,-6.0995,-0.389
-3.1933,-0.68731,0.595
9.3409,-0.27719,-0.127
2.8921,6.2848,0.027
-0.30661,0.50548,10.093
6.6541,-6.3916,9.7872
5.9499,6.1044,10.095
-12.486,-0.77297,10.072
0.26049,-7.8624,10.157
-7.401,-0.37486,10.516
6.5601,-1.7679,9.9502
0.40332,4.495,10.002
-2.9448,-7.552,6.6392
3.2162,-0.85216,7.1542
-2.9745,5.3753,6.9792
-2.7772,0.31174,6.4432
9.7909,-0.81256,6.7772
3.516,5.3718,6.5132
0.5101,-10.32,6.6752
-5.5526,-4.2823,6.7872
-0.17721,-3.5271,11.937
-7.022,2.5752,13.272
6.319,2.8163,12.97
-0.29883,8.7129,12.964
-0.67077,-3.9288,7.6642
-6.8636,2.216,7.2302
7.1647,2.2945,6.8482
0.14452,8.3728,6.5742
-0.23873,-10.097,14.016
-6.6062,-3.7237,13.389
7.0749,-3.8397,13.517
0.70879,2.7258,14.325
-3.5536,-6.5444,12.657
3.0422,-0.83519,12.866
-3.0445,4.2588,12.816
3.1999,-6.0982,12.788
-3.1937,-0.68599,13.772
9.3404,-0.27587,13.05
2.8916,6.2861,13.204
-13.239,6.8573,-10.365
-6.1899,11.982,-9.8511
-0.61863,11.504,-10.051
-12.137,11.27,-10.15
-9.3662,5.8963,-7.0971
-5.6589,8.6548,-7.0461
-12.779,9.0741,-14.419
-12.84,2.5043,-12.34
-5.5267,8.7615,-12.839
-9.5593,11.766,-13.49
-9.4016,6.503,-13.568
-3.2611,12.325,-13.306
-12.909,13.108,-3.0859
-5.9478,6.2109,-3.3919
-13.24,6.8586,2.8121
-6.1904,11.983,3.3261
-0.61906,11.506,3.1261
-12.137,11.272,3.0271
-12.341,4.7401,-3.0219
-6.0419,10.835,-3.2289
-9.3858,11.75,-6.0249
-9.3667,5.8976,6.0801
-2.8111,11.79,-6.4019
-12.092,2.2829,-6.5039
-5.6593,8.6561,6.1311
-12.779,9.0754,-1.2419
-13.273,8.6737,-5.5149
-12.841,2.5057,0.8371
-5.5271,8.7628,0.3381
-9.5597,11.767,-0.3129
-9.402,6.5043,-0.3909
-3.2615,12.327,-0.1289
-12.909,13.109,10.091
-5.9483,6.2122,9.7853
-12.342,4.7414,10.155
-6.0423,10.836,9.9483
-9.3862,11.752,7.1523
-2.8115,11.791,6.7753
-12.092,2.2842,6.6733
-12.78,9.0767,11.935
-13.273,8.6751,7.6623
-12.841,2.507,14.014
-5.5275,8.7642,13.515
-9.5602,11.769,12.864
-9.4025,6.5057,12.786
-3.262,12.328,13.048
12.791,-0.70559,-3.1036
12.791,-0.70428,10.074
12.038,6.926,-10.364
6.5751,12.844,-9.4617
13.14,11.339,-10.149
3.1584,11.765,-7.3777
12.498,9.1428,-14.418
12.436,2.573,-12.339
6.0689,8.9462,-12.966
9.1214,6.1255,-13.698
3.087,12.017,-11.839
9.4814,11.984,-12.583
12.368,13.177,-3.0845
0.18883,11.898,-3.1055
12.037,6.9273,2.8135
6.5747,12.845,3.7155
13.139,11.34,3.0285
12.935,4.8088,-3.0205
5.2736,12.296,-2.6615
9.7298,5.1192,-6.5385
3.158,11.766,5.7995
9.8974,12.983,-6.7345
13.185,2.3516,-6.5025
7.122,8.3889,-6.3905
12.497,9.1441,-1.2405
12.004,8.7424,-5.5135
12.436,2.5743,0.83854
6.0684,8.9475,0.21154
9.121,6.1268,-0.52046
3.0866,12.018,1.3385
9.4809,11.985,0.59454
12.368,13.178,10.093
0.18839,11.9,10.072
12.935,4.8101,10.157
5.2732,12.298,10.516
9.7294,5.1205,6.6388
9.897,12.984,6.4428
13.184,2.3529,6.6748
7.1216,8.3902,6.7868
12.497,9.1454,11.937
12.003,8.7438,7.6638
12.435,2.5757,14.016
6.068,8.9488,13.389
9.1206,6.1282,12.657
9.4805,11.987,13.772
9.682,6.2059,12.976
3.2035,11.829,14.481
9.6283,11.99,13.677
0,0,0
-0.066468,5.613,0.17
0.22274,-0.56215,6.015
0.2885,-6.1108,0.123
6.2855,-0.61448,0.283
-6.4849,-0.53245,0.218
0.22317,-0.56347,-7.1622
0.34931,5.1633,-6.178
-5.9439,5.6158,-0.404
6.2289,5.6646,0.516
0.34888,5.1646,6.9992
6.4693,-0.886,-6.102
-0.079196,-6.9975,-5.962
-6.4712,-0.64003,6.5622
-6.4707,-0.64135,-6.615
-6.4453,-7.0079,0.51646
6.4689,-0.88469,7.0752
6.6585,-6.988,-0.4021
-0.079629,-6.9962,7.2152
-6.2742,5.2078,6.317
6.6001,5.3853,-6.021
-6.2737,5.2065,-6.8602
6.5997,5.3866,7.1562
-6.0741,-7.2872,-6.0205
6.3282,-7.396,6.3189
-6.0745,-7.2859,7.1567
6.3287,-7.3973,-6.8583
0.12131,12.079,0.32264
-12.553,-0.59359,0.3231
12.724,-0.52491,0.32454
0.19375,11.513,-6.12
0.00043346,-0.0013159,-13.177
-0.00043346,0.0013159,13.177
0.049497,-13.197,0.325
0.19331,11.514,7.0572
-6.3169,11.989,0.2811
6.1893,12.14,0.21754
-12.314,6.493,0.1211
-12.48,-1.1594,-6.1195
-0.066035,5.6117,-13.007
12.796,-1.0907,-6.1181
12.536,-6.9908,0.1719
6.2859,-0.61579,-12.894
-12.481,-1.1581,7.0577
0.28893,-6.1121,-13.054
-0.066901,5.6143,13.347
6.1175,-13.136,0.2199
-6.4844,-0.53377,-12.959
12.963,6.5617,0.12254
-6.1331,11.718,-6.1039
-12.741,-7.0595,0.17046
0.28807,-6.1095,13.3
12.796,-1.0894,7.0591
-6.3887,-13.287,0.28346
6.285,-0.61316,13.46
-6.4853,-0.53114,13.395
-6.1335,11.719,7.0733
6.203,12.033,6.5618
12.595,5.675,-5.9625
0.12194,-13.763,-6.1176
6.2035,12.031,-6.6155
-12.682,5.6063,-5.9639
-5.9444,5.6172,12.773
6.2293,5.6633,-12.661
0.12151,-13.762,7.0596
12.595,5.6763,7.2148
-12.682,5.6076,7.2133
-12.325,-7.5092,-6.1775
-6.4449,-7.0092,-12.661
-5.9435,5.6145,-13.581
6.1312,-13.244,6.5641
6.658,-6.9867,12.775
6.1317,-13.245,-6.6131
-12.325,-7.5079,6.9997
6.2285,5.6659,13.693
-6.2049,-13.559,-6.1015
12.952,-7.4406,-6.1761
12.951,-7.4392,7.0011
-6.2053,-13.557,7.0757
6.6589,-6.9893,-13.579
-6.4457,-7.0066,13.694
0.12174,12.078,-12.855
12.602,-12.604,0.001903
-12.602,12.604,-0.001903
-12.674,-12.673,0.000461
12.674,12.673,-0.000461
-12.552,-0.59491,-12.854
12.724,-0.52622,-12.853
0.12087,12.08,13.5
-12.38,12.042,6.0131
0.049931,-13.199,-12.852
-12.553,-0.59228,13.5
12.723,-0.52359,13.502
12.897,12.11,6.0145
-12.379,12.04,-7.1641
-6.3165,11.988,-12.896
6.1898,12.139,-12.96
0.049064,-13.196,13.502
-12.313,6.4917,-13.056
12.897,12.109,-7.1627
-6.3174,11.991,13.458
6.1889,12.141,13.395
-12.451,-13.235,6.0155
-12.314,6.4943,13.298
12.825,-13.166,6.0169
12.536,-6.9921,-13.005
6.118,-13.138,-12.957
-12.74,-7.0608,-13.007
12.963,6.5604,-13.055
-12.451,-13.236,-7.1618
-6.3883,-13.288,-12.894
12.536,-6.9895,13.349
12.962,6.563,13.3
12.826,-13.167,-7.1603
6.1171,-13.135,13.397
-12.741,-7.0582,13.348
-6.3892,-13.286,13.461
12.603,-12.605,-13.175
-12.603,12.605,13.175
-12.602,12.603,-13.179
12.602,-12.603,13.179
-12.675,-12.671,13.178
12.675,12.671,-13.178
-12.674,-12.674,-13.177
12.674,12.674,13.177
