-9.2809,1.8102,-8.7872
-9.5902,-9.6129,-8.7102
1.5559,-9.0267,-8.7872
-3.6272,-3.5777,-8.4922
-9.7599,-3.3649,-8.2402
-3.9355,-9.3307,-8.3122
-9.2809,1.8102,2.781
-9.5902,-9.6129,2.858
1.5559,-9.0267,2.781
-3.6272,-3.5777,3.076
-8.5472,-8.42,-2.739
-7.9115,-3.1584,-3.087
-2.8918,-8.2262,-2.672
-9.7599,-3.3649,3.328
-3.9355,-9.3307,3.256
-8.5472,-8.42,8.8292
-7.9115,-3.1584,8.4812
-2.8918,-8.2262,8.8962
-3.0685,7.9674,-8.6772
-8.7141,7.6591,-8.3232
7.7683,-2.8694,-8.6772
2.4862,2.4636,-8.7102
8.4492,8.4987,-8.4922
-3.4372,2.5802,-8.6662
2.1227,-3.1777,-8.3232
2.3165,8.7116,-8.2402
8.1409,2.7457,-8.3122
7.3996,-8.2566,-8.6662
-3.0685,7.9674,2.891
-8.176,3.0862,-2.638
-2.1705,9.0125,-3.034
-7.669,8.7636,-2.949
-8.7141,7.6591,3.245
7.7683,-2.8694,2.891
2.4862,2.4636,2.858
8.4492,8.4987,3.076
-2.8836,-2.2995,-2.7
2.6608,-7.7506,-2.638
3.5292,3.6564,-2.739
8.6663,-1.8243,-3.034
-2.0032,2.9847,-2.539
3.1678,-2.0732,-2.949
4.1649,8.918,-3.087
9.1846,3.8502,-2.672
-3.4372,2.5802,2.902
2.1227,-3.1777,3.245
2.3165,8.7116,3.328
8.1409,2.7457,3.256
8.8336,-7.8521,-2.539
7.3996,-8.2566,2.902
-8.176,3.0862,8.9302
-2.1705,9.0125,8.5342
-7.669,8.7636,8.6192
-2.8836,-2.2995,8.8682
2.6608,-7.7506,8.9302
3.5292,3.6564,8.8292
8.6663,-1.8243,8.5342
-2.0032,2.9847,9.0292
3.1678,-2.0732,8.6192
4.1649,8.918,8.4812
9.1846,3.8502,8.8962
8.8336,-7.8521,9.0292
9.1928,9.7769,-2.7
9.1928,9.7769,8.8682
-9.0754,-8.2142,-8.6842
-8.4666,-2.6839,-8.5502
-2.8112,-8.3507,-8.4912
-9.2239,-9.743,-2.972
-8.9425,1.8154,-2.54
-3.4108,-3.6329,-3.081
-9.0754,-8.2142,2.884
-8.4666,-2.6839,3.018
-2.8112,-8.3507,3.077
-9.255,-3.6901,-2.628
-4.0606,-9.1504,-2.53
1.8943,-9.0214,-2.54
-9.2239,-9.743,8.5962
-8.9425,1.8154,9.0282
-3.4108,-3.6329,8.4872
-9.255,-3.6901,8.9402
-4.0606,-9.1504,9.0382
1.8943,-9.0214,9.0282
-8.6709,3.1541,-8.5092
-2.2009,9.1872,-8.5952
-7.3055,8.1795,-8.3442
-3.269,-2.1376,-8.6072
2.1659,-7.6827,-8.5092
3.001,3.8622,-8.6842
8.6359,-1.6497,-8.5952
-1.9601,2.8482,-8.7162
3.5313,-2.6573,-8.3442
3.6098,9.3925,-8.5502
9.2652,3.7257,-8.4912
8.8767,-7.9886,-8.7162
-8.6709,3.1541,3.059
-2.2009,9.1872,2.973
-7.3055,8.1795,3.224
-9.0358,8.1831,-2.872
-2.8864,7.7442,-2.734
2.8525,2.3335,-2.972
8.6656,8.4436,-3.081
-3.269,-2.1376,2.961
2.1659,-7.6827,3.059
3.001,3.8622,2.884
8.6359,-1.6497,2.973
-1.9601,2.8482,2.852
3.5313,-2.6573,3.224
3.6098,9.3925,3.018
9.2652,3.7257,3.077
-3.4351,2.5979,-2.647
1.801,-2.6538,-2.872
2.8214,8.3863,-2.628
8.0158,2.926,-2.53
7.9504,-3.0926,-2.734
8.8767,-7.9886,2.852
7.4017,-8.2389,-2.647
-9.0358,8.1831,8.6962
-2.8864,7.7442,8.8342
2.8525,2.3335,8.5962
8.6656,8.4436,8.4872
-3.4351,2.5979,8.9212
1.801,-2.6538,8.6962
2.8214,8.3863,8.9402
8.0158,2.926,9.0382
7.9504,-3.0926,8.8342
7.4017,-8.2389,8.9212
8.8074,9.9388,-8.6072
8.8074,9.9388,2.961
-11.752,5.5974,-8.5582
-11.242,2.2168,-11.13
-11.543,-12.543,-8.5582
-11.584,-0.81079,-8.5702
-5.7124,-6.4167,-8.7422
-6.5397,0.33614,-8.4272
-0.91471,-5.2394,-8.5582
-12.091,-5.8963,-8.5342
-7.0298,-11.596,-8.6382
-11.446,-9.2034,-6.1272
-5.5505,-3.0841,-5.9482
-9.0988,-5.6071,-5.7562
-3.6986,-11.297,-5.8132
-11.662,-9.347,-11.207
-5.472,-3.0551,-11.189
-0.40489,-8.6201,-11.13
-12.39,-3.4688,-11.942
-6.7031,-8.5939,-11.752
-9.2996,-12.079,-11.873
-8.9326,-0.94231,-11.953
-3.2142,-6.2194,-11.607
-9.2225,-5.6615,-11.231
-3.7389,-11.097,-10.938
-0.74743,-11.648,-8.5702
4.2971,-10.501,-8.4272
1.9042,-11.779,-11.953
-12.196,-0.16194,-2.835
-11.752,5.5974,3.01
-10.936,2.2387,-5.524
-11.242,2.2168,0.438
-12.852,-11.954,-2.644
-6.2979,-5.8609,-2.946
-1.3595,-10.999,-2.835
-11.543,-12.543,3.01
-11.584,-0.81079,2.998
-5.7124,-6.4167,2.826
-6.5397,0.33614,3.141
-0.91471,-5.2394,3.01
-12.091,-5.8963,3.034
-7.0298,-11.596,2.93
-11.53,-7.0411,-2.887
-6.1261,-12.289,-2.752
-12.187,-3.3182,-5.459
-6.8176,-8.7806,-5.519
-11.446,-9.2034,5.441
-5.5505,-3.0841,5.62
-0.098714,-8.5982,-5.524
-9.0988,-5.6071,5.812
-3.6986,-11.297,5.755
-9.2204,-12.521,-5.443
-8.8152,-1.0498,-5.418
-3.1739,-6.281,-5.306
-11.662,-9.347,0.361
-5.472,-3.0551,0.379
-0.40489,-8.6201,0.438
-12.39,-3.4688,-0.374
-6.7031,-8.5939,-0.184
-9.2996,-12.079,-0.305
-8.9326,-0.94231,-0.385
-3.2142,-6.2194,-0.039
-9.2225,-5.6615,0.337
-3.7389,-11.097,0.63
-0.74743,-11.648,2.998
4.2971,-10.501,3.141
2.0216,-11.887,-5.418
1.9042,-11.779,-0.385
-12.196,-0.16194,8.7332
-10.936,2.2387,6.0442
-11.242,2.2168,12.006
-12.852,-11.954,8.9242
-6.2979,-5.8609,8.6222
-1.3595,-10.999,8.7332
-11.53,-7.0411,8.6812
-6.1261,-12.289,8.8162
-12.187,-3.3182,6.1092
-6.8176,-8.7806,6.0492
-0.098714,-8.5982,6.0442
-9.2204,-12.521,6.1252
-8.8152,-1.0498,6.1502
-3.1739,-6.281,6.2622
-11.662,-9.347,11.929
-5.472,-3.0551,11.947
-0.40489,-8.6201,12.006
-12.39,-3.4688,11.194
-6.7031,-8.5939,11.384
-9.2996,-12.079,11.263
-8.9326,-0.94231,11.183
-3.2142,-6.2194,11.529
-9.2225,-5.6615,11.905
-3.7389,-11.097,12.198
2.0216,-11.887,6.1502
1.9042,-11.779,11.183
-10.304,10.37,-8.5582
-5.7902,11.317,-8.6382
-4.5132,8.176,-5.9452
-2.459,11.616,-5.8132
-5.233,8.3047,-11.33
-11.596,7.9122,-11.71
-8.06,10.835,-11.873
-8.2417,5.6028,-10.953
-2.4993,11.816,-10.938
-5.4348,4.9356,-8.5842
0.53316,-0.46669,-8.5582
0.49215,11.266,-8.5702
6.364,5.6597,-8.7422
5.5366,12.413,-8.4272
11.162,6.837,-8.5582
-0.014142,6.1801,-8.5342
5.0466,0.48013,-8.6382
0.63003,2.873,-6.1272
6.3237,-2.6608,-5.9452
6.5259,8.9923,-5.9482
-3.0978,0.60175,-6.1122
2.9776,6.4693,-5.7562
8.3778,0.77923,-5.8132
0.41436,2.7294,-11.207
5.6038,-2.5321,-11.33
6.6044,9.0213,-11.189
11.672,3.4563,-11.13
-6.103,2.5392,-11.803
-0.75943,-2.9246,-11.71
-0.31325,8.6076,-11.942
5.3733,3.4825,-11.752
-2.641,5.2036,-11.97
2.7768,-0.0021213,-11.873
3.1438,11.134,-11.953
8.8622,5.857,-11.607
-3.165,0.478,-11.39
2.5951,-5.234,-10.953
2.8539,6.4149,-11.231
8.3375,0.97934,-10.938
5.402,-5.9012,-8.5842
11.37,-11.304,-8.5582
11.329,0.42879,-8.5702
10.823,-4.6567,-8.5342
11.467,-7.9639,-6.1272
7.739,-10.235,-6.1122
11.251,-8.1074,-11.207
4.7338,-8.2976,-11.803
10.524,-2.2292,-11.942
8.1958,-5.6332,-11.97
7.6718,-10.359,-11.39
-11.613,10.959,-2.644
-6.4747,5.7619,-2.702
-0.11991,11.914,-2.835
-10.304,10.37,3.01
-5.7902,11.317,2.93
-4.8865,10.624,-2.752
-10.996,5.0463,-2.807
-11.842,8.316,-5.423
-4.5132,8.176,5.623
-8.4121,5.9811,-5.636
-2.459,11.616,5.755
-7.9808,10.392,-5.443
-5.233,8.3047,0.238
-11.596,7.9122,-0.142
-8.06,10.835,-0.305
-8.2417,5.6028,0.615
-2.4993,11.816,0.63
-0.7757,0.12233,-2.644
4.3621,-5.0749,-2.702
5.7785,6.2155,-2.946
10.717,1.0776,-2.835
-5.4348,4.9356,2.984
0.53316,-0.46669,3.01
0.49215,11.266,2.998
6.364,5.6597,2.826
5.5366,12.413,3.141
11.162,6.837,3.01
-0.014142,6.1801,3.034
5.0466,0.48013,2.93
0.54659,5.0353,-2.887
5.9503,-0.21284,-2.752
-5.4596,-0.68377,-2.73
-0.1591,-5.7905,-2.807
-6.1808,2.8192,-5.255
-1.0048,-2.5208,-5.423
-0.11031,8.7582,-5.459
5.2588,3.2958,-5.519
0.63003,2.873,5.441
6.3237,-2.6608,5.623
6.5259,8.9923,5.62
11.978,3.4783,-5.524
-3.0978,0.60175,5.456
2.4247,-4.8557,-5.636
2.9776,6.4693,5.812
8.3778,0.77923,5.755
-2.7125,4.9893,-5.352
2.856,-0.44477,-5.443
3.2612,11.027,-5.418
8.9025,5.7954,-5.306
0.41436,2.7294,0.361
5.6038,-2.5321,0.238
6.6044,9.0213,0.379
11.672,3.4563,0.438
-6.103,2.5392,-0.235
-0.75943,-2.9246,-0.142
-0.31325,8.6076,-0.374
5.3733,3.4825,-0.184
-2.641,5.2036,-0.402
2.7768,-0.0021213,-0.305
3.1438,11.134,-0.385
8.8622,5.857,-0.039
-3.165,0.478,0.178
2.5951,-5.234,0.615
2.8539,6.4149,0.337
8.3375,0.97934,0.63
10.061,-10.715,-2.644
5.402,-5.9012,2.984
11.37,-11.304,3.01
11.329,0.42879,2.998
10.823,-4.6567,3.034
11.383,-5.8015,-2.887
5.3772,-11.521,-2.73
4.656,-8.0176,-5.255
10.727,-2.0786,-5.459
11.467,-7.9639,5.441
7.739,-10.235,5.456
8.1244,-5.8475,-5.352
11.251,-8.1074,0.361
4.7338,-8.2976,-0.235
10.524,-2.2292,-0.374
8.1958,-5.6332,-0.402
7.6718,-10.359,0.178
-11.613,10.959,8.9242
-6.4747,5.7619,8.8662
-0.11991,11.914,8.7332
-4.8865,10.624,8.8162
-10.996,5.0463,8.7612
-11.842,8.316,6.1452
-8.4121,5.9811,5.9322
-7.9808,10.392,6.1252
-5.233,8.3047,11.806
-11.596,7.9122,11.426
-8.06,10.835,11.263
-8.2417,5.6028,12.183
-2.4993,11.816,12.198
-0.7757,0.12233,8.9242
4.3621,-5.0749,8.8662
5.7785,6.2155,8.6222
10.717,1.0776,8.7332
0.54659,5.0353,8.6812
5.9503,-0.21284,8.8162
-5.4596,-0.68377,8.8382
-0.1591,-5.7905,8.7612
-6.1808,2.8192,6.3132
-1.0048,-2.5208,6.1452
-0.11031,8.7582,6.1092
5.2588,3.2958,6.0492
11.978,3.4783,6.0442
2.4247,-4.8557,5.9322
-2.7125,4.9893,6.2162
2.856,-0.44477,6.1252
3.2612,11.027,6.1502
8.9025,5.7954,6.2622
0.41436,2.7294,11.929
5.6038,-2.5321,11.806
6.6044,9.0213,11.947
11.672,3.4563,12.006
-6.103,2.5392,11.333
-0.75943,-2.9246,11.426
-0.31325,8.6076,11.194
5.3733,3.4825,11.384
-2.641,5.2036,11.166
2.7768,-0.0021213,11.263
3.1438,11.134,11.183
8.8622,5.857,11.529
-3.165,0.478,11.746
2.5951,-5.234,12.183
2.8539,6.4149,11.905
8.3375,0.97934,12.198
10.061,-10.715,8.9242
11.383,-5.8015,8.6812
5.3772,-11.521,8.8382
4.656,-8.0176,6.3132
10.727,-2.0786,6.1092
8.1244,-5.8475,6.2162
11.251,-8.1074,11.929
4.7338,-8.2976,11.333
10.524,-2.2292,11.194
8.1958,-5.6332,11.166
7.6718,-10.359,11.746
12.61,11.61,-8.5582
8.9786,12.678,-6.1122
11.317,9.1518,-11.71
8.9114,12.554,-11.39
11.301,12.199,-2.644
12.61,11.61,3.01
6.6168,11.393,-2.73
11.917,6.2859,-2.807
11.072,9.5556,-5.423
8.9786,12.678,5.456
11.317,9.1518,-0.142
8.9114,12.554,0.178
11.301,12.199,8.9242
6.6168,11.393,8.8382
11.917,6.2859,8.7612
11.072,9.5556,6.1452
11.317,9.1518,11.426
8.9114,12.554,11.746
0,0,0
5.6646,0.50558,0.169
-0.46924,-5.6934,-0.102
-0.29345,0.065761,5.71
0.11031,5.8053,-0.256
-5.84,-0.1888,0.12
-0.29345,0.065761,-5.8582
5.2552,-5.3726,-0.116
-5.5816,5.4642,-0.116
-0.37265,-5.5925,-5.663
0.23193,5.6512,5.73
5.6632,0.03182,-5.7312
0.23193,5.6512,-5.8382
5.6632,0.03182,5.837
-0.37265,-5.5925,5.9052
-5.9284,-0.16546,-5.611
-5.9284,-0.16546,5.9572
-6.3418,-5.6686,0.353
5.7346,6.4078,0.353
5.332,-5.4508,-5.489
-5.5048,5.386,-5.489
5.332,-5.4508,6.0792
-5.5048,5.386,6.0792
5.9517,6.0394,-5.7002
5.9517,6.0394,5.868
-6.1247,-6.037,-5.7002
-6.1247,-6.037,5.868
11.269,0.52707,0.035
0.43204,11.364,0.035
5.0088e-16,-5.0088e-16,-11.568
-5.0088e-16,5.0088e-16,11.568
-0.80754,-11.549,0.035
-11.644,-0.7125,0.035
10.947,-5.0315,-0.256
4.9968,-11.026,0.12
-11.306,5.1435,-0.102
-5.1722,11.342,0.169
11.261,0.66185,-5.469
-0.81501,-11.415,-5.469
0.11031,5.8053,11.312
5.6646,0.50558,-11.399
0.42457,11.499,-5.469
-0.46924,-5.6934,11.466
11.261,0.66185,6.0992
-5.84,-0.1888,-11.448
-11.652,-0.57772,-5.469
-0.81501,-11.415,6.0992
-0.46924,-5.6934,-11.67
0.42457,11.499,6.0992
5.6646,0.50558,11.737
-5.84,-0.1888,11.688
-11.652,-0.57772,6.0992
0.11031,5.8053,-11.824
-6.4118,-11.571,0.169
11.607,6.3831,-0.102
4.9084,-11.002,-5.611
-5.1736,10.869,-5.7312
-5.1736,10.869,5.837
6.2364,11.888,0.12
4.9084,-11.002,5.9572
11.069,-5.1856,5.73
-11.966,-6.2711,-0.256
11.069,-5.1856,-5.8382
-11.209,5.2443,-5.663
5.2552,-5.3726,11.452
-11.209,5.2443,5.9052
-5.5816,5.4642,11.452
5.2552,-5.3726,-11.684
-5.5816,5.4642,-11.684
-6.3418,-5.6686,-11.215
5.7346,6.4078,-11.215
11.704,6.4839,-5.663
6.148,11.911,-5.611
11.704,6.4839,5.9052
-11.844,-6.4252,5.73
-6.3418,-5.6686,11.921
6.148,11.911,5.9572
-11.844,-6.4252,-5.8382
5.7346,6.4078,11.921
-6.4132,-12.045,-5.7312
-6.4132,-12.045,5.837
-10.837,10.837,-9.3842e-16
10.837,-10.837,9.3842e-16
10.543,-10.771,5.71
11.269,0.52707,-11.533
10.543,-10.771,-5.8582
11.269,0.52707,11.603
0.43204,11.364,-11.533
0.43204,11.364,11.603
-0.80754,-11.549,-11.533
-0.80754,-11.549,11.603
-11.644,-0.7125,-11.533
-11.644,-0.7125,11.603
10.947,-5.0315,11.312
-11.13,10.903,5.71
-11.13,10.903,-5.8582
4.9968,-11.026,-11.448
4.9968,-11.026,11.688
10.947,-5.0315,-11.824
-5.1722,11.342,-11.399
-11.306,5.1435,11.466
-11.306,5.1435,-11.67
-12.076,-12.076,7.9602e-22
12.076,12.076,-7.9602e-22
-5.1722,11.342,11.737
-6.4118,-11.571,-11.399
11.607,6.3831,11.466
-11.966,-6.2711,11.312
6.2364,11.888,-11.448
11.607,6.3831,-11.67
-6.4118,-11.571,11.737
6.2364,11.888,11.688
11.783,12.142,5.71
11.783,12.142,-5.8582
-11.966,-6.2711,-11.824
-12.37,-12.011,5.71
-12.37,-12.011,-5.8582
-10.837,10.837,-11.568
10.837,-10.837,-11.568
-10.837,10.837,11.568
10.837,-10.837,11.568
-12.076,-12.076,-11.568
-12.076,-12.076,11.568
12.076,12.076,-11.568
12.076,12.076,11.568
