-9.6913,-9.5598,-8.5362
-8.8513,1.7694,-9.0502
-3.3175,-3.7912,-8.8342
-9.2374,-3.9892,-8.7322
-4.1462,-8.9206,-8.4482
1.9855,-9.0674,-9.0502
-9.6913,-9.5598,3.032
-8.8513,1.7694,2.518
-3.3175,-3.7912,2.734
-8.666,-8.3592,-2.75
-8.0141,-2.7051,-3.208
-2.6761,-8.3966,-3.153
-9.2374,-3.9892,2.836
-4.1462,-8.9206,3.12
1.9855,-9.0674,2.518
-8.666,-8.3592,8.8182
-8.0141,-2.7051,8.3602
-2.6761,-8.3966,8.4152
-8.7869,7.6994,-8.7542
-2.7301,7.5639,-9.0082
2.3851,2.5166,-8.5362
8.7589,8.2852,-8.8342
-3.2753,2.2811,-8.8742
2.0499,-3.1374,-8.7542
2.839,8.0872,-8.7322
7.9302,3.1558,-8.4482
8.1067,-3.2729,-9.0082
7.5615,-8.5557,-8.8742
-7.9744,2.9922,-2.864
-2.0545,9.2501,-2.855
-7.7602,8.9906,-3.012
-8.7869,7.6994,2.814
-2.7301,7.5639,2.56
2.3851,2.5166,3.032
8.7589,8.2852,2.734
-2.6615,-2.5102,-2.747
2.8624,-7.8446,-2.864
3.4104,3.7173,-2.75
8.7823,-1.5867,-2.855
-2.2267,3.1997,-2.861
3.0766,-1.8463,-3.012
4.0623,9.3713,-3.208
9.4003,3.6798,-3.153
-3.2753,2.2811,2.694
2.0499,-3.1374,2.814
2.839,8.0872,2.836
7.9302,3.1558,3.12
8.1067,-3.2729,2.56
8.6101,-7.6372,-2.861
7.5615,-8.5557,2.694
-7.9744,2.9922,8.7042
-2.0545,9.2501,8.7132
-7.7602,8.9906,8.5562
-2.6615,-2.5102,8.8212
2.8624,-7.8446,8.7042
3.4104,3.7173,8.8182
8.7823,-1.5867,8.7132
-2.2267,3.1997,8.7072
3.0766,-1.8463,8.5562
4.0623,9.3713,8.3602
9.4003,3.6798,8.4152
8.6101,-7.6372,8.7072
9.4148,9.5662,-2.747
9.4148,9.5662,8.8212
-8.9418,-8.2771,-8.5552
-8.0424,-3.1237,-8.9062
-2.7334,-8.6392,-8.8232
-9.4969,-9.586,-2.917
-8.2842,1.6238,-3.401
-3.4525,-3.7382,-3.078
-8.9418,-8.2771,3.013
-8.0424,-3.1237,2.662
-2.7334,-8.6392,2.745
-9.2508,-3.5204,-3.084
-4.0373,-8.9871,-3.27
2.5526,-9.2131,-3.401
-9.4969,-9.586,8.6512
-8.2842,1.6238,8.1672
-3.4525,-3.7382,8.4902
-9.2508,-3.5204,8.4842
-4.0373,-8.9871,8.2982
2.5526,-9.2131,8.1672
-8.0819,3.0459,-8.9242
-2.5941,9.0231,-8.7082
-7.4066,8.241,-8.5342
-2.5739,-2.5442,-8.4732
2.7549,-7.7909,-8.9242
3.1346,3.7993,-8.5552
8.2427,-1.8137,-8.7082
-1.9219,2.9133,-8.7242
3.4302,-2.5958,-8.5342
4.034,8.9527,-8.9062
9.343,3.4372,-8.8232
8.9149,-7.9236,-8.7242
-8.0819,3.0459,2.644
-2.5941,9.0231,2.86
-7.4066,8.241,3.034
-8.9022,8.0211,-2.937
-2.7761,7.9465,-2.835
2.5795,2.4904,-2.917
8.6239,8.3382,-3.078
-2.5739,-2.5442,3.095
2.7549,-7.7909,2.644
3.1346,3.7993,3.013
8.2427,-1.8137,2.86
-1.9219,2.9133,2.844
3.4302,-2.5958,3.034
4.034,8.9527,2.662
9.343,3.4372,2.745
-3.4599,2.3921,-3.142
1.9346,-2.8157,-2.937
2.8256,8.556,-3.084
8.0391,3.0893,-3.27
8.0607,-2.8904,-2.835
8.9149,-7.9236,2.844
7.3769,-8.4447,-3.142
-8.9022,8.0211,8.6312
-2.7761,7.9465,8.7332
2.5795,2.4904,8.6512
8.6239,8.3382,8.4902
-3.4599,2.3921,8.4262
1.9346,-2.8157,8.6312
2.8256,8.556,8.4842
8.0391,3.0893,8.2982
8.0607,-2.8904,8.7332
7.3769,-8.4447,8.4262
9.5025,9.5322,-8.4732
9.5025,9.5322,3.095
-10.778,2.1206,-6.3022
-10.889,1.9756,-11.381
-11.619,-12.465,-8.8052
-10.941,-1.2895,-8.7492
-5.6707,-6.2732,-8.6612
-6.1056,-0.0089293,-8.8362
-11.914,-6.1777,-8.6262
-6.7901,-11.061,-8.6042
-11.716,-9.2947,-5.9922
-5.2825,-3.1626,-6.3672
0.058971,-8.7162,-6.3022
-8.8237,-5.6375,-6.0072
-3.5657,-11.252,-6.4942
-8.6703,-0.94443,-5.9182
-11.378,-9.3767,-11.286
-5.3992,-3.3712,-11.285
-0.052044,-8.8612,-11.381
-12.342,-3.6512,-11.828
-6.5843,-9.0026,-11.919
-9.0655,-12.386,-11.863
-8.2488,-1.1566,-12.085
-2.9943,-6.5638,-12.116
-8.876,-5.6997,-11.478
-3.3061,-11.076,-11.31
-0.10467,-12.126,-8.7492
4.7312,-10.846,-8.8362
2.1666,-11.781,-5.9182
2.588,-11.993,-12.085
-11.776,-0.13578,-3.138
-10.753,4.5156,-3.084
-10.778,2.1206,5.266
-10.889,1.9756,0.187
-12.726,-11.725,-3.107
-6.6713,-5.7803,-2.767
-0.93876,-10.973,-3.138
-11.619,-12.465,2.763
-10.941,-1.2895,2.819
-5.6707,-6.2732,2.907
-6.1056,-0.0089293,2.732
-11.914,-6.1777,2.942
-6.7901,-11.061,2.964
-11.257,-6.4966,-2.879
-6.1494,-11.986,-2.746
0.08372,-6.3213,-3.084
-12.178,-3.4822,-5.474
-6.9647,-8.8046,-5.523
-11.716,-9.2947,5.576
-5.2825,-3.1626,5.201
0.058971,-8.7162,5.266
-8.8237,-5.6375,5.561
-3.5657,-11.252,5.074
-9.1638,-12.165,-5.824
-8.6703,-0.94443,5.65
-3.2284,-6.5292,-5.845
-11.378,-9.3767,0.282
-5.3992,-3.3712,0.283
-0.052044,-8.8612,0.187
-12.342,-3.6512,-0.26
-6.5843,-9.0026,-0.351
-9.0655,-12.386,-0.295
-8.2488,-1.1566,-0.517
-2.9943,-6.5638,-0.548
-8.876,-5.6997,0.09
-3.3061,-11.076,0.258
-0.10467,-12.126,2.819
4.7312,-10.846,2.732
2.1666,-11.781,5.65
2.588,-11.993,-0.517
-11.776,-0.13578,8.4302
-10.753,4.5156,8.4842
-10.889,1.9756,11.755
-12.726,-11.725,8.4612
-6.6713,-5.7803,8.8012
-0.93876,-10.973,8.4302
-11.257,-6.4966,8.6892
-6.1494,-11.986,8.8222
0.08372,-6.3213,8.4842
-12.178,-3.4822,6.0942
-6.9647,-8.8046,6.0452
-9.1638,-12.165,5.7442
-3.2284,-6.5292,5.7232
-11.378,-9.3767,11.85
-5.3992,-3.3712,11.851
-0.052044,-8.8612,11.755
-12.342,-3.6512,11.308
-6.5843,-9.0026,11.217
-9.0655,-12.386,11.273
-8.2488,-1.1566,11.051
-2.9943,-6.5638,11.02
-8.876,-5.6997,11.658
-3.3061,-11.076,11.826
2.588,-11.993,11.051
-10.379,10.449,-8.8052
-11.325,5.5887,-8.8202
-5.5505,11.852,-8.6042
-4.8526,8.2297,-6.0042
-8.3421,5.7895,-6.1692
-2.3261,11.661,-6.4942
-4.9056,7.9617,-11.568
-11.485,7.8281,-11.673
-7.826,10.527,-11.863
-8.2545,5.8715,-11.453
-2.0666,11.837,-11.31
-5.1626,5.4978,-8.7292
0.4575,-0.3882,-8.8052
1.1349,10.787,-8.7492
6.4057,5.8032,-8.6612
5.9708,12.067,-8.8362
-0.4879,-5.2481,-8.8202
0.16263,5.8987,-8.6262
5.2863,1.0154,-8.6042
-5.8718,2.5201,-5.9292
0.36062,2.7818,-5.9922
5.9842,-2.6071,-6.0042
6.7939,8.9138,-6.3672
12.135,3.3602,-6.3022
-2.9062,0.33517,-6.2722
2.4947,-5.0473,-6.1692
3.2527,6.4389,-6.0072
8.5107,0.82449,-6.4942
3.4061,11.132,-5.9182
0.69862,2.6997,-11.286
5.9312,-2.8751,-11.568
6.6772,8.7052,-11.285
12.024,3.2152,-11.381
-6.3633,2.2521,-11.858
-0.64842,-3.0087,-11.673
-0.26517,8.4252,-11.828
5.4921,3.0738,-11.919
-2.5689,4.8812,-11.642
3.0109,-0.30971,-11.863
3.8276,10.92,-12.085
9.0821,5.5126,-12.116
-2.7429,0.42639,-11.454
2.5824,-4.9653,-11.453
3.2004,6.3767,-11.478
8.7702,1.0006,-11.31
5.6742,-5.3391,-8.7292
11.294,-11.225,-8.8052
11.972,-0.049925,-8.7492
10.999,-4.9382,-8.6262
4.965,-8.3167,-5.9292
11.197,-8.0551,-5.9922
7.9306,-10.502,-6.2722
11.535,-8.1371,-11.286
4.4736,-8.5847,-11.858
10.572,-2.4117,-11.828
8.2679,-5.9557,-11.642
8.0939,-10.41,-11.454
-11.487,11.188,-3.107
-5.9542,5.8991,-2.95
0.30082,11.941,-3.138
-10.379,10.449,2.763
-11.325,5.5887,2.748
-5.5505,11.852,2.964
-4.9098,10.927,-2.746
-11.801,7.9398,-5.369
-4.8526,8.2297,5.564
-8.3421,5.7895,5.399
-2.3261,11.661,5.074
-7.9242,10.748,-5.824
-4.9056,7.9617,-5.5713e-16
-11.485,7.8281,-0.105
-7.826,10.527,-0.295
-8.2545,5.8715,0.115
-2.0666,11.837,0.258
-0.64983,0.35143,-3.107
4.8826,-4.9377,-2.95
5.4051,6.2961,-2.767
11.138,1.1038,-3.138
-5.1626,5.4978,2.839
0.4575,-0.3882,2.763
1.1349,10.787,2.819
6.4057,5.8032,2.907
5.9708,12.067,2.732
-0.4879,-5.2481,2.748
0.16263,5.8987,2.942
5.2863,1.0154,2.964
0.81954,5.5798,-2.879
5.927,0.09051,-2.746
-5.2736,-0.61518,-2.981
12.16,5.7551,-3.084
-5.8718,2.5201,5.639
-0.96379,-2.897,-5.369
-0.10182,8.5942,-5.474
5.1117,3.2718,-5.523
0.36062,2.7818,5.576
5.9842,-2.6071,5.564
6.7939,8.9138,5.201
12.135,3.3602,5.266
-2.9062,0.33517,5.296
2.4947,-5.0473,5.399
3.2527,6.4389,5.561
8.5107,0.82449,5.074
-2.4423,5.1944,-5.476
2.9126,-0.088388,-5.824
3.4061,11.132,5.65
8.848,5.5473,-5.845
0.69862,2.6997,0.282
5.9312,-2.8751,3.8129e-16
6.6772,8.7052,0.283
12.024,3.2152,0.187
-6.3633,2.2521,-0.29
-0.64842,-3.0087,-0.105
-0.26517,8.4252,-0.26
5.4921,3.0738,-0.351
-2.5689,4.8812,-0.074
3.0109,-0.30971,-0.295
3.8276,10.92,-0.517
9.0821,5.5126,-0.548
-2.7429,0.42639,0.114
2.5824,-4.9653,0.115
3.2004,6.3767,0.09
8.7702,1.0006,0.258
10.187,-10.485,-3.107
5.6742,-5.3391,2.839
11.294,-11.225,2.763
11.972,-0.049925,2.819
10.999,-4.9382,2.942
11.656,-5.2571,-2.879
5.5632,-11.452,-2.981
4.965,-8.3167,5.639
10.735,-2.2427,-5.474
11.197,-8.0551,5.576
7.9306,-10.502,5.296
8.3945,-5.6424,-5.476
11.535,-8.1371,0.282
4.4736,-8.5847,-0.29
10.572,-2.4117,-0.26
8.2679,-5.9557,-0.074
8.0939,-10.41,0.114
-11.487,11.188,8.4612
-5.9542,5.8991,8.6182
0.30082,11.941,8.4302
-4.9098,10.927,8.8222
-11.801,7.9398,6.1992
-7.9242,10.748,5.7442
-4.9056,7.9617,11.568
-11.485,7.8281,11.463
-7.826,10.527,11.273
-8.2545,5.8715,11.683
-2.0666,11.837,11.826
-0.64983,0.35143,8.4612
4.8826,-4.9377,8.6182
5.4051,6.2961,8.8012
11.138,1.1038,8.4302
0.81954,5.5798,8.6892
5.927,0.09051,8.8222
-5.2736,-0.61518,8.5872
12.16,5.7551,8.4842
-0.96379,-2.897,6.1992
-0.10182,8.5942,6.0942
5.1117,3.2718,6.0452
-2.4423,5.1944,6.0922
2.9126,-0.088388,5.7442
8.848,5.5473,5.7232
0.69862,2.6997,11.85
5.9312,-2.8751,11.568
6.6772,8.7052,11.851
12.024,3.2152,11.755
-6.3633,2.2521,11.278
-0.64842,-3.0087,11.463
-0.26517,8.4252,11.308
5.4921,3.0738,11.217
-2.5689,4.8812,11.494
3.0109,-0.30971,11.273
3.8276,10.92,11.051
9.0821,5.5126,11.02
-2.7429,0.42639,11.682
2.5824,-4.9653,11.683
3.2004,6.3767,11.658
8.7702,1.0006,11.826
10.187,-10.485,8.4612
11.656,-5.2571,8.6892
5.5632,-11.452,8.5872
10.735,-2.2427,6.0942
8.3945,-5.6424,6.0922
11.535,-8.1371,11.85
4.4736,-8.5847,11.278
10.572,-2.4117,11.308
8.2679,-5.9557,11.494
8.0939,-10.41,11.682
12.534,11.688,-8.8052
11.588,6.8283,-8.8202
9.1702,12.412,-6.2722
11.428,9.0677,-11.673
9.3335,12.503,-11.454
11.427,12.428,-3.107
12.534,11.688,2.763
11.588,6.8283,2.748
6.8028,11.461,-2.981
11.113,9.1794,-5.369
9.1702,12.412,5.296
11.428,9.0677,-0.105
9.3335,12.503,0.114
11.427,12.428,8.4612
6.8028,11.461,8.5872
11.113,9.1794,6.1992
11.428,9.0677,11.463
9.3335,12.503,11.682
0,0,0
-5.5777,-0.43699,-0.078
-0.18668,-0.050912,5.668
0.38467,5.6795,0.076
-0.10041,-5.811,-0.343
5.8478,0.2885,-0.092
-0.18668,-0.050912,-5.9002
-5.4447,5.3344,-0.11
5.3921,-5.5024,-0.11
-5.6038,-0.25668,5.545
5.6293,0.45608,5.569
-0.21567,-5.7608,5.506
0.3677,5.7756,-5.684
-5.6038,-0.25668,-6.0232
5.6293,0.45608,-5.9992
0.3677,5.7756,5.8842
-0.21567,-5.7608,-6.0622
-5.9783,-6.0052,-0.196
6.0981,6.0712,-0.196
5.3754,-5.251,5.7432
5.3754,-5.251,-5.825
-5.4614,5.5859,5.7432
-5.4614,5.5859,-5.825
-5.9833,-5.9295,5.633
-5.9833,-5.9295,-5.9352
6.0931,6.1469,5.633
6.0931,6.1469,-5.9352
0.69579,11.379,-0.074
-11.381,-0.69765,-0.074
11.533,0.54192,-0.074
-0.54379,-11.534,-0.074
5.0088e-16,-5.0088e-16,-11.568
-5.0088e-16,5.0088e-16,11.568
-10.937,5.0258,-0.343
-4.989,11.125,-0.092
11.221,-5.1574,0.076
5.2592,-11.274,-0.078
-0.10041,-5.811,11.225
11.395,0.61165,5.649
0.55821,11.448,5.649
-5.5777,-0.43699,11.49
-0.68137,-11.465,5.649
0.38467,5.6795,-11.492
-11.518,-0.62793,5.649
11.395,0.61165,-5.9192
5.8478,0.2885,11.476
0.55821,11.448,-5.9192
-5.5777,-0.43699,-11.646
-0.68137,-11.465,-5.9192
0.38467,5.6795,11.644
-11.518,-0.62793,-5.9192
5.8478,0.2885,-11.66
-0.10041,-5.811,-11.911
-11.692,-6.3969,0.076
6.4987,11.639,-0.078
-6.2286,-11.788,-0.092
-11.052,5.076,5.506
5.233,-11.094,5.545
11.976,6.2654,-0.343
11.205,-5.0612,-5.684
-11.052,5.076,-6.0622
-5.2075,11.293,5.569
11.205,-5.0612,5.8842
5.233,-11.094,-6.0232
-5.4447,5.3344,11.458
-5.2075,11.293,-5.9992
5.3921,-5.5024,11.458
-5.4447,5.3344,-11.678
5.3921,-5.5024,-11.678
-5.9783,-6.0052,11.372
6.0981,6.0712,11.372
-6.4471,-11.62,5.569
-11.709,-6.3008,-5.684
-5.9783,-6.0052,-11.764
11.861,6.3156,5.506
-11.709,-6.3008,5.8842
6.4726,11.82,5.545
6.0981,6.0712,-11.764
-6.4471,-11.62,-5.9992
11.861,6.3156,-6.0622
6.4726,11.82,-6.0232
-10.837,10.837,-9.3842e-16
10.837,-10.837,9.3842e-16
0.69579,11.379,11.494
-11.381,-0.69765,11.494
10.65,-10.888,5.668
11.533,0.54192,11.494
-0.54379,-11.534,11.494
0.69579,11.379,-11.642
-11.381,-0.69765,-11.642
10.65,-10.888,-5.9002
11.533,0.54192,-11.642
-0.54379,-11.534,-11.642
-11.023,10.786,5.668
-10.937,5.0258,11.225
-11.023,10.786,-5.9002
-4.989,11.125,11.476
11.221,-5.1574,-11.492
-4.989,11.125,-11.66
-10.937,5.0258,-11.911
5.2592,-11.274,11.49
11.221,-5.1574,11.644
5.2592,-11.274,-11.646
-12.076,-12.076,7.9602e-22
12.076,12.076,-7.9602e-22
11.976,6.2654,11.225
-6.2286,-11.788,11.476
-11.692,-6.3969,-11.492
6.4987,11.639,11.49
-11.692,-6.3969,11.644
6.4987,11.639,-11.646
-6.2286,-11.788,-11.66
11.89,12.026,5.668
11.89,12.026,-5.9002
11.976,6.2654,-11.911
-12.263,-12.127,5.668
-12.263,-12.127,-5.9002
-10.837,10.837,-11.568
10.837,-10.837,-11.568
-10.837,10.837,11.568
10.837,-10.837,11.568
-12.076,-12.076,-11.568
-12.076,-12.076,11.568
12.076,12.076,-11.568
12.076,12.076,11.568
