-3.3195,-9.5194,-9.4508
-9.1835,-10.649,-10.176
-3.3199,-9.5181,3.7265
-9.1839,-10.647,3.0015
-3.4012,-9.8073,-3.0885
-10.366,-3.1924,-3.1905
-9.3027,-9.8229,-2.5555
-3.4016,-9.806,10.089
-10.366,-3.191,9.9867
-9.3032,-9.8216,10.622
10.188,-9.4225,-8.9453
9.7256,-4.1361,-9.3023
10.188,-9.4212,4.2319
9.7252,-4.1348,3.8749
8.4715,-9.4516,-3.1581
10.053,-3.5889,-3.3081
8.4711,-9.4502,10.019
10.053,-3.5876,9.8691
9.3547,3.1531,-9.4512
-8.9819,-3.4004,-10.022
3.7106,-3.58,-10.088
-2.4143,3.1814,-8.9472
2.3558,-8.7701,-9.3882
-3.3696,-2.0816,-9.0302
-2.8768,8.4677,-9.3042
3.4907,2.0238,-10.176
9.3543,3.1544,3.726
-8.9824,-3.3991,3.155
3.7102,-3.5787,3.089
-2.4148,3.1827,4.23
2.3554,-8.7688,3.789
-3.3701,-2.0803,4.147
-2.8772,8.469,3.873
3.4903,2.0252,3.001
2.7266,-3.7703,-3.306
-4.1309,3.1523,-3.16
9.273,2.8652,-3.089
2.3087,9.4802,-3.191
3.1247,-9.3062,-2.413
-4.0199,-1.9042,-2.44
-2.5491,9.0149,-3.31
3.3715,2.8496,-2.556
2.7262,-3.769,9.8712
-4.1314,3.1536,10.017
9.2726,2.8665,10.088
2.3083,9.4815,9.9862
3.1243,-9.3049,10.764
-4.0203,-1.9029,10.737
-2.5496,9.0162,9.8672
3.3711,2.851,10.621
-8.8918,9.0239,-10.09
-10.247,3.8337,-9.3901
-8.8922,9.0252,3.0871
-10.247,3.835,3.7871
-9.8758,8.8336,-3.3079
-9.4777,3.2976,-2.4149
-9.8762,8.8349,9.8693
-9.4781,3.2989,10.762
3.6923,9.2722,-10.023
9.3046,10.591,-9.0307
3.6918,9.2735,3.1545
9.3041,10.592,4.1465
8.6543,10.768,-2.4405
8.6539,10.77,10.737
-10.267,-2.8154,-9.5538
-9.4904,-9.2981,-9.4918
-10.267,-2.8141,3.6235
-9.4908,-9.2968,3.6855
-9.5785,-3.4533,-1.9485
-9.7291,-9.2409,-1.2275
-9.5789,-3.452,11.229
-9.7295,-9.2396,11.95
8.9054,-9.6049,-9.7413
10.327,-3.1766,-8.3343
8.9049,-9.6036,3.4359
10.327,-3.1753,4.8429
9.8885,-8.9891,-3.3471
10.363,-2.3105,-2.5651
9.8881,-8.9878,9.8301
10.363,-2.3092,10.612
4.0062,-2.3256,-9.3022
-3.697,2.9989,-9.7432
-2.3783,-8.389,-9.7382
2.4074,9.8572,-9.5542
-2.8471,-2.8842,-10.156
3.3026,-8.5262,-10.514
3.1838,3.3744,-9.4922
-2.275,9.4272,-8.3362
4.0058,-2.3243,3.875
-3.6975,3.0003,3.434
-2.3787,-8.3877,3.439
2.407,9.8585,3.623
-2.8475,-2.8829,3.021
3.3022,-8.5249,2.663
3.1834,3.3757,3.685
-2.2755,9.4286,4.841
-3.141,-9.0665,-1.836
3.0957,9.2193,-1.949
3.7682,-2.7796,-2.929
-2.7139,3.6147,-3.349
-3.9831,-3.1558,-3.295
2.571,-9.2801,-3.782
2.9451,3.4316,-1.228
-2.2394,10.293,-2.567
-3.1414,-9.0652,11.341
3.0953,9.2206,11.228
3.7677,-2.7783,10.248
-2.7143,3.616,9.8282
-3.9836,-3.1545,9.8822
2.5706,-9.2788,9.3952
2.9447,3.4329,11.949
-2.2398,10.295,10.61
-8.5962,10.278,-9.3041
-9.2998,4.0777,-10.516
-8.5966,10.28,3.8731
-9.3002,4.079,2.6611
-8.8342,9.8242,-2.9309
-10.031,3.3238,-3.7839
-8.8347,9.8255,10.246
-10.032,3.3251,9.3933
10.296,4.2835,-9.7387
9.8271,9.7883,-10.157
10.296,4.2848,3.4385
9.8267,9.7897,3.0205
9.5332,3.606,-1.8365
8.6911,9.5167,-3.2955
9.5328,3.6073,11.341
8.6906,9.518,9.8818
-5.8622,-12.962,-9.7028
-12.355,-6.0249,-9.6228
-0.68266,-13.126,-9.7448
-12.006,-13.947,-9.6098
-12.02,-9.8002,-6.8138
-6.5976,-9.3455,-12.41
-12.866,-3.2495,-13.244
-12.204,-9.6397,-11.79
-9.3171,-12.997,-13.386
-2.9433,-12.453,-13.471
-9.3751,-6.4563,-12.702
-12.99,-11.68,-2.8125
-6.4411,-6.2541,-2.8295
-5.8627,-12.96,3.4745
-12.355,-6.0236,3.5545
-0.68309,-13.125,3.4325
-12.006,-13.946,3.5675
-5.9857,-13.734,-2.9695
-12.332,-6.812,-2.7495
-9.4434,-13.935,-5.8365
-3.0915,-12.838,-6.1915
-9.4519,-6.537,-6.3695
-12.021,-9.7989,6.3635
-6.598,-9.3442,0.76746
-12.867,-3.2482,-0.066539
-6.895,-9.8052,-5.9695
-12.212,-3.5388,-6.1905
-12.204,-9.6383,1.3875
-9.3176,-12.996,-0.20854
-2.9437,-12.451,-0.29354
-9.3756,-6.4549,0.47546
-12.99,-11.678,10.365
-6.4415,-6.2528,10.348
-5.9861,-13.733,10.208
-12.332,-6.8107,10.428
-9.4439,-13.933,7.3407
-3.0919,-12.837,6.9857
-9.4524,-6.5357,6.8077
-6.5985,-9.3429,13.945
-12.867,-3.2469,13.111
-6.8955,-9.8039,7.2077
-12.213,-3.5375,6.9867
-9.318,-12.994,12.969
-2.9441,-12.45,12.884
-9.376,-6.4536,13.653
-13.285,-0.52255,-9.7467
-13.285,-0.52124,3.4306
6.596,-12.173,-9.4503
12.922,-5.9562,-9.6213
13.271,-13.879,-9.6083
6.3145,-7.0805,-9.6243
2.9416,-12.991,-7.0043
13.256,-9.7315,-6.8123
6.0685,-9.2358,-13.2
12.411,-3.1808,-13.242
13.073,-9.571,-11.788
3.0435,-12.44,-11.446
9.5686,-6.7284,-13.122
9.319,-12.191,-12.769
12.287,-11.611,-2.8111
6.5955,-12.172,3.7269
12.921,-5.9549,3.5559
13.271,-13.877,3.5689
6.3141,-7.0792,3.5529
4.8751,-13.184,-2.9261
12.945,-6.7433,-2.7481
2.9412,-12.989,6.1729
9.431,-6.6677,-6.4621
9.4141,-12.32,-5.9721
13.256,-9.7302,6.3649
6.068,-9.2345,-0.023097
12.41,-3.1795,-0.065097
5.2888,-9.3759,-6.4091
13.064,-3.4701,-6.1891
13.073,-9.5697,1.3889
3.043,-12.439,1.7309
9.5682,-6.7271,0.054903
9.3186,-12.189,0.4079
12.287,-11.61,10.366
4.8747,-13.182,10.251
12.944,-6.742,10.429
9.4306,-6.6664,6.7151
9.4136,-12.319,7.2051
6.0676,-9.2332,13.154
12.41,-3.1782,13.112
5.2884,-9.3746,6.7681
13.064,-3.4688,6.9881
9.5678,-6.7258,13.232
9.3182,-12.188,13.585
-0.42524,-5.4814,-9.9412
-6.0064,0.43073,-9.4522
6.812,-0.28911,-9.7032
0.31934,6.6476,-9.6232
-5.6656,-5.4086,-9.3602
11.992,-0.45386,-9.7452
0.66865,-1.2748,-9.6102
-6.2879,5.5233,-9.6262
-9.6608,-0.38669,-7.0062
3.1103,-5.7091,-6.6882
-0.1622,-9.8485,-6.6142
6.701,-3.3855,-6.9762
0.6538,2.8724,-6.8142
-0.54404,-2.933,-14.36
-6.5339,3.368,-13.202
6.0766,3.327,-12.41
-0.1919,9.423,-13.244
-0.06957,-9.1025,-12.644
-6.1896,-3.0673,-12.729
6.9181,-3.027,-12.432
0.47066,3.0329,-11.79
-3.0048,-6.0047,-13.36
-9.5589,0.16344,-11.448
3.3571,-0.32446,-13.386
-3.0338,5.8754,-13.124
2.8805,-5.8682,-12.914
-3.2834,0.41305,-12.771
9.7309,0.22001,-13.471
3.2991,6.2163,-12.702
-0.31537,0.99278,-2.813
6.627,-5.3599,-3.079
6.2331,6.4184,-2.83
0.45679,-11.946,-2.762
-0.42568,-5.4801,3.236
-6.0069,0.43204,3.725
6.8116,-0.28779,3.474
0.31891,6.6489,3.554
-5.666,-5.4072,3.817
11.991,-0.45255,3.432
0.66822,-1.2735,3.567
-6.2883,5.5246,3.551
0.040305,-6.9431,-2.99
-7.7273,-0.57983,-2.928
6.6885,-1.0614,-2.97
0.34224,5.8605,-2.75
-2.9981,-6.8434,-6.073
-9.6612,-0.38537,6.171
3.2308,-1.2622,-5.837
-3.1714,5.9362,-6.464
3.1099,-5.7078,6.489
-3.1883,0.28355,-5.974
9.5827,-0.16546,-6.192
3.2223,6.1356,-6.37
-0.16263,-9.8472,6.563
-5.8244,-3.211,-6.397
6.7005,-3.3842,6.201
0.65337,2.8737,6.363
-0.54447,-2.9317,-1.183
-6.5344,3.3694,-0.025
6.0762,3.3284,0.767
-0.19233,9.4243,-0.067
-0.82519,-3.351,-6.029
-7.3136,3.2279,-6.411
5.7792,2.8673,-5.97
0.46174,9.1337,-6.191
-0.070004,-9.1012,0.533
-6.19,-3.066,0.448
6.9176,-3.0257,0.745
0.47023,3.0342,1.387
-3.0052,-6.0033,-0.183
-9.5594,0.16476,1.729
3.3566,-0.32315,-0.209
-3.0342,5.8768,0.053
2.88,-5.8669,0.263
-3.2838,0.41436,0.406
9.7305,0.22132,-0.294
3.2987,6.2176,0.475
-0.3158,0.99409,10.364
6.6266,-5.3586,10.098
6.2327,6.4197,10.347
0.45636,-11.945,10.415
0.039872,-6.9418,10.187
-7.7277,-0.57851,10.249
6.6881,-1.0601,10.207
0.34181,5.8618,10.427
-2.9986,-6.8421,7.1042
3.2303,-1.2609,7.3402
-3.1718,5.9375,6.7132
-3.1888,0.28487,7.2032
9.5823,-0.16415,6.9852
3.2219,6.1369,6.8072
-5.8249,-3.2097,6.7802
-0.54491,-2.9303,11.994
-6.5348,3.3707,13.152
6.0757,3.3297,13.944
-0.19277,9.4256,13.11
-0.82563,-3.3497,7.1482
-7.314,3.2293,6.7662
5.7788,2.8686,7.2072
0.46131,9.135,6.9862
-0.070437,-9.0999,13.71
-6.1904,-3.0647,13.625
6.9172,-3.0244,13.922
-3.0056,-6.002,12.994
3.3562,-0.32183,12.968
-3.0346,5.8781,13.23
2.8796,-5.8655,13.44
-3.2842,0.41568,13.583
9.7301,0.22264,12.883
3.2982,6.2189,13.652
-13.028,7.1225,-9.9431
-5.7904,12.315,-9.7051
-0.61085,12.15,-9.7471
-11.934,11.329,-9.6121
-9.4921,6.8948,-6.6901
-12.765,2.7554,-6.6161
-5.9014,9.2183,-6.9781
-13.146,9.6709,-14.362
-12.672,3.5014,-12.646
-5.6843,9.5768,-12.434
-9.2453,12.279,-13.388
-9.7219,6.7357,-12.916
-2.8715,12.824,-13.473
-12.918,13.597,-2.8149
-5.9754,7.244,-3.0809
-12.146,0.65798,-2.7639
-13.028,7.1238,3.2341
-5.7908,12.316,3.4721
-0.61129,12.151,3.4301
-11.934,11.33,3.5651
-12.562,5.6608,-2.9919
-5.9139,11.542,-2.9719
-9.3716,11.342,-5.8389
-9.4925,6.8961,6.4871
-3.0197,12.438,-6.1939
-12.765,2.7567,6.5611
-5.9019,9.2196,6.1991
-13.147,9.6722,-1.1849
-13.428,9.2529,-6.0309
-12.672,3.5027,0.5311
-5.6848,9.5781,0.7431
-9.2458,12.281,-0.2109
-9.7224,6.737,0.2611
-2.8719,12.825,-0.2959
-12.918,13.598,10.362
-5.9758,7.2453,10.096
-12.146,0.6593,10.413
-12.563,5.6621,10.185
-5.9143,11.544,10.205
-9.3721,11.343,7.3383
-3.0201,12.44,6.9833
-13.147,9.6735,11.992
-13.428,9.2542,7.1463
-12.673,3.504,13.708
-5.6852,9.5795,13.92
-9.2462,12.282,12.966
-9.7228,6.7383,13.438
-2.8723,12.826,12.881
12.249,7.1911,-9.9417
6.6678,13.103,-9.4527
7.0086,7.264,-9.3607
13.343,11.398,-9.6107
3.0134,12.286,-7.0067
12.512,2.824,-6.6147
12.13,9.7396,-14.361
12.605,3.57,-12.645
6.4846,9.6052,-12.73
9.6694,6.6679,-13.361
3.1153,12.836,-11.449
9.3908,13.086,-12.772
12.359,13.665,-2.8135
13.131,0.72667,-2.7625
12.249,7.1925,3.2355
6.6673,13.105,3.7245
7.0082,7.2653,3.8165
13.342,11.399,3.5665
12.715,5.7295,-2.9905
4.9469,12.093,-2.9285
9.6761,5.8292,-6.0735
3.013,12.287,6.1705
9.4859,12.956,-5.9745
12.512,2.8254,6.5625
6.8498,9.4616,-6.3975
12.13,9.7409,-1.1835
11.849,9.3216,-6.0295
12.604,3.5714,0.53254
6.4842,9.6065,0.44754
9.669,6.6692,-0.18346
3.1148,12.837,1.7285
9.3904,13.087,0.40554
12.358,13.667,10.364
13.131,0.72799,10.415
12.714,5.7308,10.187
4.9465,12.094,10.249
9.6756,5.8305,7.1038
9.4854,12.957,7.2028
6.8493,9.4629,6.7798
12.129,9.7422,11.994
11.849,9.3229,7.1478
12.604,3.5727,13.71
6.4838,9.6078,13.625
9.6686,6.6705,12.994
9.39,13.088,13.583
0.5286,13.331,-2.7644
0.52817,13.332,10.413
9.4607,12.395,13.846
0.34404,12.483,-3.1564
0.34361,12.484,10.021
9.682,6.2059,12.976
3.2035,11.829,14.481
9.6283,11.99,13.677
0,0,0
-0.20648,-5.6993,0.151
-0.038184,6.1759,0.495
-6.475,0.4773,0.479
-0.046669,-0.2786,6.516
6.5924,0.16334,0.543
-0.046236,-0.27992,-6.6612
0.023335,-6.1483,-5.917
-0.024749,5.9941,-6.285
6.4481,-0.50982,-5.904
6.5252,-5.8421,-0.096
-6.3074,-6.0684,0.854
-6.5726,-0.19304,-6.19
-6.0772,6.7617,-0.097903
-0.025182,5.9955,6.8922
6.3668,6.6041,0.85354
0.022901,-6.147,7.2602
-6.573,-0.19172,6.9872
6.4477,-0.50851,7.2732
6.2346,6.103,-5.904
6.1419,-6.3526,-6.31
-6.4397,-6.5695,-5.9035
-6.4605,6.2512,-6.3119
6.1415,-6.3513,6.8672
-6.4609,6.2525,6.8653
6.2341,6.1044,7.2732
-6.4401,-6.5682,7.2737
-0.012728,-12.226,0.544
-12.615,0.37797,0.5421
12.661,0.44666,0.54354
0.05908,13.051,0.54164
0.00043346,-0.0013159,-13.177
-0.00043346,0.0013159,13.177
6.1274,-12.127,0.4809
-12.507,0.05374,-5.858
0.095098,-12.55,-5.8561
-6.0819,-12.509,0.54346
0.16691,12.726,-5.8585
12.769,0.12243,-5.8566
-0.03775,6.1746,-12.682
-6.01,12.767,0.5411
12.564,-6.428,0.4969
-0.20604,-5.7006,-13.026
6.5928,0.16203,-12.634
-6.4745,0.47598,-12.698
-12.712,-6.4967,0.49546
12.468,6.9733,0.15054
-12.508,0.055056,7.3192
-0.20691,-5.698,13.328
0.094665,-12.549,7.3211
6.1992,13.15,0.47854
-12.809,6.9046,0.1491
0.16647,12.728,7.3188
12.769,0.12374,7.3207
-6.1543,12.094,-5.9059
-0.038617,6.1772,13.672
-6.307,-6.0697,-12.323
-6.4754,0.47861,13.656
6.1017,12.479,-6.1905
6.5919,0.16466,13.72
-12.579,6.4556,-5.9189
6.3673,6.6028,-12.324
-6.1547,12.095,7.2713
6.0298,-12.797,-6.1881
12.698,6.5242,-5.9175
12.578,-6.6097,-6.2831
6.1012,12.481,6.9868
-12.699,-6.6784,-6.2845
-6.2261,-13.182,-5.9035
6.5247,-5.8408,13.081
6.0294,-12.796,6.9891
12.577,-6.6084,6.8941
-12.58,6.4569,7.2583
6.5256,-5.8434,-13.273
-12.699,-6.6771,6.8927
-6.0777,6.763,13.079
12.697,6.5256,7.2598
-6.0768,6.7604,-13.275
-6.2265,-13.181,7.2737
-6.3078,-6.0671,14.031
6.3664,6.6055,14.031
-0.012294,-12.227,-12.633
12.602,-12.604,0.001903
-12.602,12.604,-0.001903
-12.615,0.37665,-12.635
12.662,0.44534,-12.634
-12.674,-12.673,0.000461
12.674,12.673,-0.000461
0.059514,13.049,-12.636
-0.013161,-12.225,13.721
6.1279,-12.128,-12.696
-12.616,0.37929,13.719
12.661,0.44797,13.721
-6.0814,-12.511,-12.634
-12.649,12.325,6.5141
12.628,12.394,6.5155
-12.649,12.324,-6.6631
12.628,12.393,-6.6617
0.058647,13.052,13.719
-6.0096,12.766,-12.636
12.565,-6.4293,-12.68
-12.712,-6.498,-12.682
12.556,-12.882,6.5179
12.556,-12.884,-6.6593
6.127,-12.125,13.658
-12.721,-12.951,6.5165
6.1997,13.149,-12.699
12.468,6.9719,-13.027
-12.72,-12.952,-6.6608
-12.808,6.9033,-13.028
-6.0823,-12.508,13.721
12.467,6.9746,13.328
12.564,-6.4267,13.674
-6.0105,12.769,13.718
-12.809,6.9059,13.326
-12.713,-6.4953,13.673
6.1988,13.151,13.656
12.603,-12.605,-13.175
-12.603,12.605,13.175
12.602,-12.603,13.179
-12.602,12.603,-13.179
-12.675,-12.671,13.178
12.675,12.671,-13.178
12.674,12.674,13.177
-12.674,-12.674,-13.177
