-9.4728,-3.8513,-8.1312
-3.8131,-9.009,-8.1702
-10.037,-9.5139,-8.3772
-9.4728,-3.8513,3.437
-3.8131,-9.009,3.398
-8.485,-8.8273,-2.651
-10.037,-9.5139,3.191
-8.485,-8.8273,8.9172
-8.7169,7.785,-8.5372
-9.1871,1.8035,-8.3962
-3.1484,8.0558,-8.2882
-3.1792,1.7154,-8.8502
2.1199,-3.0519,-8.5372
2.6036,8.2251,-8.1312
8.2632,3.0674,-8.1702
-4.15,-3.2548,-8.3782
1.6497,-9.0333,-8.3962
2.0393,2.5626,-8.3772
7.6884,-2.7811,-8.2882
7.6577,-9.1214,-8.8502
-8.7169,7.785,3.031
-8.6087,-2.5989,-2.442
-7.4936,8.6759,-2.931
-8.1152,3.1626,-2.568
-2.1253,9.1271,-2.356
-9.1871,1.8035,3.172
-3.1484,8.0558,3.28
-3.1792,1.7154,2.718
2.1199,-3.0519,3.031
2.6036,8.2251,3.437
8.2632,3.0674,3.398
-2.9529,-8.201,-2.765
3.3432,-2.1609,-2.931
-2.3122,3.2428,-2.475
-2.5951,-2.7422,-2.633
2.7217,-7.6742,-2.568
3.5914,3.2492,-2.651
8.7116,-1.7098,-2.356
-4.15,-3.2548,3.19
1.6497,-9.0333,3.172
2.0393,2.5626,3.191
7.6884,-2.7811,3.28
7.6577,-9.1214,2.718
8.5246,-7.594,-2.475
-8.6087,-2.5989,9.1262
-7.4936,8.6759,8.6372
-8.1152,3.1626,9.0002
-2.1253,9.1271,9.2122
-2.9529,-8.201,8.8032
3.3432,-2.1609,8.6372
-2.3122,3.2428,9.0932
-2.5951,-2.7422,8.9352
2.7217,-7.6742,9.0002
3.5914,3.2492,8.9172
8.7116,-1.7098,9.2122
8.5246,-7.594,9.0932
7.9264,8.8216,-8.3782
3.4677,9.4775,-2.442
9.1235,3.8754,-2.765
9.4813,9.3343,-2.633
7.9264,8.8216,3.19
3.4677,9.4775,9.1262
9.1235,3.8754,8.8032
9.4813,9.3343,8.9352
-8.6384,-8.9835,-8.4462
-9.429,-3.8528,-2.437
-3.6378,-9.4658,-2.328
-8.6384,-8.9835,3.122
-9.9494,-9.1546,-2.65
-9.429,-3.8528,9.1312
-3.6378,-9.4658,9.2402
-9.9494,-9.1546,8.9182
-8.7325,-2.5614,-8.2212
-7.7849,8.9474,-8.3352
-2.8338,3.0615,-8.3062
-7.9568,2.6478,-8.3702
-1.7767,8.5974,-8.0302
-2.8871,-7.8482,-8.3172
3.0519,-1.8894,-8.3352
8.003,-7.7753,-8.3062
-2.9338,-2.4218,-8.6122
2.88,-8.189,-8.3702
3.438,3.0929,-8.4462
9.0602,-2.2394,-8.0302
-8.0664,7.3225,-2.623
-8.7325,-2.5614,3.347
-7.7849,8.9474,3.233
-2.8338,3.0615,3.262
-7.9568,2.6478,3.198
-1.7767,8.5974,3.538
-9.2833,2.2589,-2.34
-3.3556,8.2941,-2.534
-2.7676,1.8597,-2.849
2.7704,-3.5143,-2.623
2.6474,8.2237,-2.437
8.4386,2.6106,-2.328
-2.8871,-7.8482,3.251
3.0519,-1.8894,3.233
8.003,-7.7753,3.262
-2.9338,-2.4218,2.956
2.88,-8.189,3.198
3.438,3.0929,3.122
9.0602,-2.2394,3.538
-3.9838,-3.3064,-2.564
1.5535,-8.5779,-2.34
2.127,2.9218,-2.65
7.4812,-2.5428,-2.534
8.0692,-8.9771,-2.849
-8.0664,7.3225,8.9452
-9.2833,2.2589,9.2282
-3.3556,8.2941,9.0342
-2.7676,1.8597,8.7192
2.7704,-3.5143,8.9452
2.6474,8.2237,9.1312
8.4386,2.6106,9.2402
-3.9838,-3.3064,9.0042
1.5535,-8.5779,9.2282
2.127,2.9218,8.9182
7.4812,-2.5428,9.0342
8.0692,-8.9771,8.7192
3.3439,9.515,-8.2212
9.1893,4.2282,-8.3172
9.1426,9.6546,-8.6122
3.3439,9.515,3.347
9.1893,4.2282,3.251
9.1426,9.6546,2.956
8.0926,8.77,-2.564
8.0926,8.77,9.0042
-12.07,-0.12376,-8.0652
-11.443,-3.269,-5.5862
-11.447,-3.4401,-10.798
-11.738,-6.7809,-8.2612
-6.0002,-12.112,-8.2402
-6.9852,-5.6149,-8.1552
-1.2336,-10.961,-8.0652
-12.473,-11.683,-8.6092
-5.8065,-8.8895,-5.7042
-9.4177,-11.273,-5.7212
-5.6262,-8.7417,-10.743
-12.421,-9.2741,-11.544
-8.9552,-6.8141,-11.565
-3.7827,-11.989,-11.362
-9.3653,-11.086,-10.933
-12.479,-5.7707,-2.589
-12.07,-0.12376,3.503
-11.443,-3.269,5.982
-11.447,-3.4401,0.77
-6.7229,-11.61,-2.31
-11.738,-6.7809,3.307
-6.0002,-12.112,3.328
-6.9852,-5.6149,3.413
-1.2336,-10.961,3.503
-12.473,-11.683,2.959
-11.502,-12.711,-2.891
-12.416,-9.0033,-5.12
-5.8065,-8.8895,5.864
-9.4177,-11.273,5.847
-9.0146,-6.3899,-4.833
-3.7382,-12.096,-5.08
-5.6262,-8.7417,0.825
-12.421,-9.2741,0.024
-8.9552,-6.8141,0.003
-3.7827,-11.989,0.206
-9.3653,-11.086,0.635
-12.479,-5.7707,8.9792
-11.447,-3.4401,12.338
-6.7229,-11.61,9.2582
-11.502,-12.711,8.6772
-12.416,-9.0033,6.4482
-9.0146,-6.3899,6.7352
-3.7382,-12.096,6.4882
-5.6262,-8.7417,12.393
-12.421,-9.2741,11.592
-8.9552,-6.8141,11.571
-3.7827,-11.989,11.774
-9.3653,-11.086,12.203
-10.688,4.8271,-8.5422
-4.7606,10.801,-8.2402
0.0059595,11.953,-8.0652
-11.234,11.231,-8.6092
-5.9104,5.793,-8.5022
-10.405,8.0897,-5.9412
-5.1283,2.5234,-5.8272
0.63387,8.8074,-5.5862
-8.876,-0.11271,-5.7502
-8.1781,11.64,-5.7212
-2.6337,6.0957,-5.7352
-10.666,8.1329,-10.964
-5.2535,2.6005,-11.231
0.62963,8.6363,-10.798
-11.888,2.3919,-11.272
-6.0158,8.3733,-11.325
-8.5741,4.808,-11.399
-2.5432,10.924,-11.362
-8.8456,-0.029978,-11.057
-8.1258,11.827,-10.933
-2.7164,5.7909,-10.842
-5.6378,-0.43911,-8.2982
0.1492,-6.0097,-8.5422
0.3387,5.2955,-8.2612
6.0762,-0.036062,-8.2402
5.0912,6.4615,-8.1552
10.843,1.1158,-8.0652
-0.39669,0.39386,-8.6092
4.9264,-5.0438,-8.5022
0.43204,-2.7471,-5.9412
5.7085,-8.3135,-5.8272
6.2699,3.1869,-5.7042
11.471,-2.0294,-5.5862
-3.4323,-5.1223,-5.7662
1.9608,-10.95,-5.7502
2.6587,0.80327,-5.7212
8.2031,-4.7412,-5.7352
0.17112,-2.704,-10.964
5.5833,-8.2364,-11.231
6.4502,3.3347,-10.743
11.466,-2.2005,-10.798
-6.6164,-2.9889,-11.557
-1.0515,-8.445,-11.272
-0.34436,2.8023,-11.544
4.8211,-2.4636,-11.325
-2.9939,-0.57276,-11.601
2.2627,-6.0288,-11.399
3.1212,5.2623,-11.565
8.2937,0.086974,-11.362
-3.4118,-5.3337,-10.753
1.9912,-10.867,-11.057
2.711,0.98995,-10.933
8.1204,-5.0459,-10.842
5.1991,-11.276,-8.2982
11.176,-5.5413,-8.2612
10.44,-10.443,-8.6092
10.492,-8.0346,-11.544
7.8429,-11.41,-11.601
-11.581,5.5533,-2.815
-6.4167,0.2267,-2.566
-5.4833,11.303,-2.31
-0.40275,6.3057,-2.589
-10.688,4.8271,3.026
-4.7606,10.801,3.328
0.0059595,11.953,3.503
-11.234,11.231,2.959
-5.9104,5.793,3.066
-10.263,10.202,-2.891
-5.0767,4.7939,-2.741
-11.13,-0.88346,-2.219
-11.873,2.4647,-5.279
-5.4487,8.3309,-5.399
-10.405,8.0897,5.627
-5.1283,2.5234,5.741
0.63387,8.8074,5.982
-8.876,-0.11271,5.818
-8.1781,11.64,5.847
-2.6337,6.0957,5.833
-8.4072,4.9254,-5.149
-2.4986,10.817,-5.08
-10.666,8.1329,0.604
-5.2535,2.6005,0.337
0.62963,8.6363,0.77
-11.888,2.3919,0.296
-6.0158,8.3733,0.243
-8.5741,4.808,0.169
-2.5432,10.924,0.206
-8.8456,-0.029978,0.511
-8.1258,11.827,0.635
-2.7164,5.7909,0.726
-0.74388,-5.2835,-2.815
4.4201,-10.61,-2.566
5.3535,0.46598,-2.31
10.434,-4.5311,-2.589
-5.6378,-0.43911,3.27
0.1492,-6.0097,3.026
0.3387,5.2955,3.307
6.0762,-0.036062,3.328
5.0912,6.4615,3.413
10.843,1.1158,3.503
-0.39669,0.39386,2.959
4.9264,-5.0438,3.066
0.57417,-0.63498,-2.891
5.7601,-6.0429,-2.741
-5.6102,-6.4771,-2.272
-0.29345,-11.72,-2.219
-6.726,-3.0123,-5.071
-1.0366,-8.3721,-5.279
-0.33941,3.0731,-5.12
5.3882,-2.506,-5.399
0.43204,-2.7471,5.627
5.7085,-8.3135,5.741
6.2699,3.1869,5.864
11.471,-2.0294,5.982
-3.4323,-5.1223,5.802
1.9608,-10.95,5.818
2.6587,0.80327,5.847
8.2031,-4.7412,5.833
-2.9112,-0.83651,-5.407
2.4296,-5.9114,-5.149
3.0618,5.6866,-4.833
8.3382,-0.019799,-5.08
0.17112,-2.704,0.604
5.5833,-8.2364,0.337
6.4502,3.3347,0.825
11.466,-2.2005,0.77
-6.6164,-2.9889,0.011
-1.0515,-8.445,0.296
-0.34436,2.8023,0.024
4.8211,-2.4636,0.243
-2.9939,-0.57276,-0.033
2.2627,-6.0288,0.169
3.1212,5.2623,0.003
8.2937,0.086974,0.206
-3.4118,-5.3337,0.815
1.9912,-10.867,0.511
2.711,0.98995,0.635
8.1204,-5.0459,0.726
5.1991,-11.276,3.27
11.176,-5.5413,3.307
10.44,-10.443,2.959
11.411,-11.472,-2.891
10.497,-7.7638,-5.12
7.9257,-11.673,-5.407
10.492,-8.0346,0.024
7.8429,-11.41,-0.033
-11.581,5.5533,8.7532
-6.4167,0.2267,9.0022
-5.4833,11.303,9.2582
-0.40275,6.3057,8.9792
-10.263,10.202,8.6772
-5.0767,4.7939,8.8272
-11.13,-0.88346,9.3492
-11.873,2.4647,6.2892
-5.4487,8.3309,6.1692
-8.4072,4.9254,6.4192
-2.4986,10.817,6.4882
-10.666,8.1329,12.172
-5.2535,2.6005,11.905
0.62963,8.6363,12.338
-11.888,2.3919,11.864
-6.0158,8.3733,11.811
-8.5741,4.808,11.737
-2.5432,10.924,11.774
-8.8456,-0.029978,12.079
-8.1258,11.827,12.203
-2.7164,5.7909,12.294
-0.74388,-5.2835,8.7532
4.4201,-10.61,9.0022
5.3535,0.46598,9.2582
10.434,-4.5311,8.9792
0.57417,-0.63498,8.6772
5.7601,-6.0429,8.8272
-5.6102,-6.4771,9.2962
-0.29345,-11.72,9.3492
-6.726,-3.0123,6.4972
-1.0366,-8.3721,6.2892
-0.33941,3.0731,6.4482
5.3882,-2.506,6.1692
-2.9112,-0.83651,6.1612
2.4296,-5.9114,6.4192
3.0618,5.6866,6.7352
8.3382,-0.019799,6.4882
0.17112,-2.704,12.172
5.5833,-8.2364,11.905
6.4502,3.3347,12.393
11.466,-2.2005,12.338
-6.6164,-2.9889,11.579
-1.0515,-8.445,11.864
-0.34436,2.8023,11.592
4.8211,-2.4636,11.811
-2.9939,-0.57276,11.535
2.2627,-6.0288,11.737
3.1212,5.2623,11.571
8.2937,0.086974,11.774
-3.4118,-5.3337,12.383
1.9912,-10.867,12.079
2.711,0.98995,12.203
8.1204,-5.0459,12.294
11.411,-11.472,8.6772
10.497,-7.7638,6.4482
7.9257,-11.673,6.1612
10.492,-8.0346,11.592
7.8429,-11.41,11.535
3.2004,11.964,-5.7502
3.2308,12.046,-11.057
6.4386,11.637,-8.2982
12.226,6.0667,-8.5422
11.68,12.47,-8.6092
12.508,9.3293,-5.9412
8.6441,6.9541,-5.7662
12.248,9.3724,-10.964
5.46,9.0875,-11.557
11.025,3.6314,-11.272
9.0825,11.504,-11.601
8.6646,6.7427,-10.753
5.6597,12.303,-2.566
0.94613,11.193,-2.219
3.2004,11.964,5.818
3.2308,12.046,0.511
11.333,6.7929,-2.815
6.4386,11.637,3.27
12.226,6.0667,3.026
11.68,12.47,2.959
12.651,11.441,-2.891
6.4662,5.5993,-2.272
11.783,0.35612,-2.219
5.3504,9.0641,-5.071
11.04,3.7043,-5.279
12.508,9.3293,5.627
8.6441,6.9541,5.802
9.1652,11.24,-5.407
12.248,9.3724,0.604
5.46,9.0875,0.011
11.025,3.6314,0.296
9.0825,11.504,-0.033
8.6646,6.7427,0.815
5.6597,12.303,9.0022
0.94613,11.193,9.3492
3.2308,12.046,12.079
11.333,6.7929,8.7532
12.651,11.441,8.6772
6.4662,5.5993,9.2962
11.783,0.35612,9.3492
5.3504,9.0641,6.4972
11.04,3.7043,6.2892
9.1652,11.24,6.1612
12.248,9.3724,12.172
5.46,9.0875,11.579
11.025,3.6314,11.864
9.0825,11.504,11.535
8.6646,6.7427,12.383
0,0,0
-0.50134,-5.5642,0.386
5.56,0.65973,0.461
-0.11384,0.1096,-5.7582
-0.11384,0.1096,5.81
-5.8018,-0.29911,0.262
0.2687,5.8478,0.359
5.2616,-5.1513,0.484
-5.6929,-0.20294,-5.312
-0.53033,-5.5593,-5.6152
5.7078,0.41578,-5.5252
0.11203,5.8574,-5.389
-5.5752,5.6856,0.484
-0.53033,-5.5593,5.953
5.7078,0.41578,6.043
-5.6929,-0.20294,6.2562
5.8209,6.1504,0.22
0.11203,5.8574,6.1792
-6.2555,-5.926,0.22
5.3422,-5.42,-5.324
-5.4946,5.4169,-5.324
5.3422,-5.42,6.2442
-5.4946,5.4169,6.2442
5.7382,6.2459,-5.5022
-6.3382,-5.8305,-5.5022
5.7382,6.2459,6.066
-6.3382,-5.8305,6.066
11.324,0.67741,0.484
-0.75279,-11.399,0.484
0.48679,11.514,0.484
5.0088e-16,-5.0088e-16,-11.568
-5.0088e-16,5.0088e-16,11.568
-11.59,-0.56217,0.484
11.106,-4.9891,0.359
5.035,-11.136,0.262
5.56,0.65973,-11.107
-0.81105,-11.259,-5.325
11.265,0.81715,-5.325
-0.50134,-5.5642,-11.182
-11.338,5.2726,0.386
0.2687,5.8478,-11.209
-5.2768,11.497,0.461
-5.8018,-0.29911,-11.306
-11.648,-0.42242,-5.325
0.42853,11.654,-5.325
-0.81105,-11.259,6.2432
11.265,0.81715,6.2432
-6.5164,-11.417,0.461
-5.8018,-0.29911,11.83
10.949,-4.9794,-5.389
-0.50134,-5.5642,11.954
-11.648,-0.42242,6.2432
0.42853,11.654,6.2432
5.56,0.65973,12.029
0.2687,5.8478,11.927
11.575,6.5122,0.386
5.1439,-11.04,-5.312
5.2616,-5.1513,-11.084
6.2746,11.777,0.262
-11.808,-6.2286,0.359
10.949,-4.9794,6.1792
-5.129,11.253,-5.5252
-5.5752,5.6856,-11.084
5.1439,-11.04,6.2562
-11.367,5.2776,-5.6152
-5.129,11.253,6.043
-11.367,5.2776,5.953
5.2616,-5.1513,12.052
5.8209,6.1504,-11.348
-6.2555,-5.926,-11.348
-6.3686,-11.661,-5.5252
11.546,6.5171,-5.6152
-5.5752,5.6856,12.052
6.3835,11.873,-5.312
5.8209,6.1504,11.788
-11.964,-6.219,-5.389
11.546,6.5171,5.953
-6.3686,-11.661,6.043
-6.2555,-5.926,11.788
-11.964,-6.219,6.1792
6.3835,11.873,6.2562
-10.837,10.837,-9.3842e-16
10.837,-10.837,9.3842e-16
11.324,0.67741,-11.084
-0.75279,-11.399,-11.084
0.48679,11.514,-11.084
-11.59,-0.56217,-11.084
10.723,-10.727,-5.7582
10.723,-10.727,5.81
-10.951,10.946,-5.7582
-10.951,10.946,5.81
11.106,-4.9891,-11.209
11.324,0.67741,12.052
-0.75279,-11.399,12.052
5.035,-11.136,-11.306
0.48679,11.514,12.052
-11.59,-0.56217,12.052
-11.338,5.2726,-11.182
-5.2768,11.497,-11.107
5.035,-11.136,11.83
11.106,-4.9891,11.927
-12.076,-12.076,7.9602e-22
12.076,12.076,-7.9602e-22
-6.5164,-11.417,-11.107
-11.338,5.2726,11.954
11.575,6.5122,-11.182
-11.808,-6.2286,-11.209
-5.2768,11.497,12.029
6.2746,11.777,-11.306
-6.5164,-11.417,12.029
6.2746,11.777,11.83
11.575,6.5122,11.954
-11.808,-6.2286,11.927
11.963,12.186,-5.7582
-12.19,-11.967,-5.7582
11.963,12.186,5.81
-12.19,-11.967,5.81
-10.837,10.837,-11.568
10.837,-10.837,-11.568
-10.837,10.837,11.568
10.837,-10.837,11.568
-12.076,-12.076,-11.568
-12.076,-12.076,11.568
12.076,12.076,-11.568
12.076,12.076,11.568
