-8.7022,-2.7184,-3.8087
-3.1677,-8.4509,-9.4427
-9.0812,-2.6731,-9.7837
-8.1648,-8.7302,-9.4417
-8.7022,-2.7184,8.0269
-3.1677,-8.4509,2.3929
-9.0812,-2.6731,2.0519
-9.0643,-8.7415,-3.1981
-8.1648,-8.7302,2.3939
-9.0643,-8.7415,8.6376
8.1625,-8.3577,-3.1354
8.1682,-8.0253,-8.7784
2.7574,-7.9419,-2.8214
2.4116,-8.6511,-9.3654
8.6221,-2.4745,-9.1874
8.1625,-8.3577,8.7002
8.1682,-8.0253,3.0572
2.7574,-7.9419,9.0142
8.8123,-2.1401,-2.5768
2.4116,-8.6511,2.4702
8.6221,-2.4745,2.6482
8.8123,-2.1401,9.2589
-3.3347,3.1396,-3.3717
-2.5039,-8.131,-4.1847
2.8298,8.7441,-3.5717
2.7782,-1.883,-9.0977
-3.3291,3.4719,-9.0147
8.3644,3.0116,-9.2057
2.4508,8.7893,-9.5467
-3.0589,-3.3135,-3.1607
-8.7398,3.5553,-3.0577
-3.1594,-2.53,-9.3667
-9.0856,2.8461,-9.6017
3.3672,2.7323,-9.2047
-2.8751,9.0227,-9.4237
1.7225,-2.7605,-2.842
-3.3347,3.1396,8.464
-2.5039,-8.131,7.651
2.8298,8.7441,8.264
2.7782,-1.883,2.738
-3.3291,3.4719,2.821
8.3644,3.0116,2.63
2.4508,8.7893,2.289
-3.0589,-3.3135,8.675
-8.7398,3.5553,8.778
2.4678,2.7209,-2.961
-2.6849,9.3571,-2.813
-3.1594,-2.53,2.469
-9.0856,2.8461,2.234
3.3672,2.7323,2.631
-2.8751,9.0227,2.412
1.7225,-2.7605,8.9937
2.4678,2.7209,8.8747
-2.6849,9.3571,9.0227
-8.719,9.6142,-9.3339
-9.7747,8.7367,-3.0782
-8.719,9.6142,2.5018
-9.7747,8.7367,8.7574
9.0282,3.3315,-3.9476
8.4731,8.149,-2.9236
8.3727,8.9325,-9.1296
9.0282,3.3315,7.8881
8.4731,8.149,8.9121
8.3727,8.9325,2.7061
-8.4809,-7.7919,-4.3147
-9.0254,-7.461,-9.4947
-8.4809,-7.7919,7.5209
-9.0254,-7.461,2.3409
-1.935,-8.0678,-8.2594
9.1843,-9.1235,-8.8404
3.4907,-2.7383,-7.8694
3.5953,-9.1631,-3.1014
3.5592,-8.7296,-8.4144
9.1213,-2.22,-7.7814
-2.3013,-8.3506,-2.5938
8.6801,-8.2403,-1.9018
3.1208,-3.1915,-2.3368
-1.935,-8.0678,3.5762
9.1843,-9.1235,2.9952
3.4907,-2.7383,3.9662
3.5953,-9.1631,8.7342
7.6739,-3.0848,-2.4178
3.5592,-8.7296,3.4212
9.1213,-2.22,4.0542
-2.3013,-8.3506,9.2419
8.6801,-8.2403,9.9339
3.1208,-3.1915,9.4989
7.6739,-3.0848,9.4179
-7.8637,-3.2308,-8.7897
-2.3129,2.3738,-9.0767
-8.0066,8.7589,-8.1057
-2.7874,-1.8356,-3.0517
-7.9019,2.3342,-3.3377
3.0512,3.6706,-4.0777
-2.424,-2.5993,-8.0517
-7.938,2.7676,-8.6507
2.5067,4.0015,-9.2577
-2.3759,9.2772,-8.0177
-8.2548,-2.943,-2.298
-2.8171,3.2569,-2.138
-8.3764,8.3057,-2.573
-7.8637,-3.2308,3.046
-2.3129,2.3738,2.759
-8.0066,8.7589,3.73
-2.7874,-1.8356,8.784
-7.9019,2.3342,8.498
3.0512,3.6706,7.758
-3.8233,8.4124,-2.654
-2.424,-2.5993,3.784
-7.938,2.7676,3.185
2.5067,4.0015,2.578
-2.3759,9.2772,3.818
-8.2548,-2.943,9.5377
-2.8171,3.2569,9.6977
-8.3764,8.3057,9.2627
-3.8233,8.4124,9.1817
9.5971,3.3947,-8.0224
9.2308,3.1119,-2.3567
9.5971,3.3947,3.8133
9.2308,3.1119,9.479
3.6683,8.2317,-8.5526
8.7447,9.6268,-2.8146
9.1081,8.8632,-7.8146
3.2773,8.5195,-2.0609
3.6683,8.2317,3.2831
8.7447,9.6268,9.0211
9.1081,8.8632,4.0211
3.2773,8.5195,9.7747
-5.9979,-12.152,-3.2405
0.28406,-11.569,-8.4905
-2.8435,-11.517,-12
-2.5161,-10.684,-6.2085
-5.9979,-12.152,8.5952
0.28406,-11.569,3.3452
-2.8435,-11.517,-0.16482
-2.5161,-10.684,5.6272
-2.8435,-11.517,11.671
-5.9374,-11.495,-9.1057
-12.319,-4.9295,-8.7867
-11.877,-11.723,-9.3137
-5.8462,-6.1358,-9.2817
-11.213,-0.071695,-8.7267
-11.852,-10.658,-3.4347
-11.583,-8.3823,-11.656
-11.214,-8.2282,-7.0967
-6.0449,-8.8066,-12.838
-11.203,-2.5282,-12.523
-6.1326,-8.4021,-6.6057
-11.668,-2.5119,-5.9137
-8.8118,-11.463,-12.571
-8.3883,-11.651,-6.3407
-8.8967,-5.5136,-12.261
-8.6287,-5.3347,-6.5337
-5.9374,-11.495,2.7299
-12.319,-4.9295,3.0489
-11.468,-6.5198,-3.1151
-11.877,-11.723,2.5219
-5.8462,-6.1358,2.5539
-11.213,-0.071695,3.1089
-11.852,-10.658,8.4009
-6.4897,-5.4514,-3.2501
-11.583,-8.3823,0.17994
-11.214,-8.2282,4.7389
-6.0449,-8.8066,-1.0021
-11.203,-2.5282,-0.68706
-6.1326,-8.4021,5.2299
-11.668,-2.5119,5.9219
-8.8118,-11.463,-0.73506
-8.3883,-11.651,5.4949
-8.8967,-5.5136,-0.42506
-8.6287,-5.3347,5.3019
-11.468,-6.5198,8.7206
-6.4897,-5.4514,8.5856
-11.583,-8.3823,12.016
-6.0449,-8.8066,10.834
-11.203,-2.5282,11.149
-8.8118,-11.463,11.101
-8.8967,-5.5136,11.411
4.6814,-11.62,-8.8554
10.71,-4.9643,-8.3134
6.0624,-11.709,-3.1034
5.5342,-0.68909,-3.0034
11.152,-11.757,-8.8404
5.3744,-5.9882,-8.7784
11.816,-0.10644,-8.2534
11.177,-10.693,-2.9614
5.4055,-5.5752,-2.9574
-0.40622,-8.2375,-11.222
11.446,-8.4171,-11.182
5.7725,-2.9214,-11.77
1.0313,-8.2198,-6.0854
11.815,-8.2629,-6.6234
6.4308,-2.6789,-5.8794
5.4868,-8.4864,-12.169
11.826,-2.5629,-12.049
5.7852,-8.3167,-6.0234
11.361,-2.5467,-5.4404
2.8189,-11.118,-12.453
8.4496,-5.4585,-11.783
3.065,-11.061,-5.4614
8.5875,-5.4451,-4.7654
8.4227,-10.949,-11.522
2.7475,-5.1205,-11.807
8.6886,-0.054818,-11.763
8.6709,-11.279,-6.2634
2.7256,-4.9784,-5.7824
9.016,0.77886,-5.9714
4.6814,-11.62,2.9802
10.71,-4.9643,3.5222
6.0624,-11.709,8.7322
5.5342,-0.68909,8.8322
11.561,-6.5545,-2.6418
11.152,-11.757,2.9952
5.3744,-5.9882,3.0572
11.816,-0.10644,3.5822
11.177,-10.693,8.8742
5.4055,-5.5752,8.8782
-0.1361,-10.524,-2.3878
-0.40622,-8.2375,0.61324
11.446,-8.4171,0.65324
5.7725,-2.9214,0.065238
1.0313,-8.2198,5.7502
11.815,-8.2629,5.2122
6.4308,-2.6789,5.9562
5.4868,-8.4864,-0.33376
11.826,-2.5629,-0.21376
5.7852,-8.3167,5.8122
11.361,-2.5467,6.3952
2.8189,-11.118,-0.61776
8.4496,-5.4585,0.052238
3.065,-11.061,6.3742
8.5875,-5.4451,7.0702
8.4227,-10.949,0.31324
2.7475,-5.1205,0.028238
8.6886,-0.054818,0.072238
8.6709,-11.279,5.5722
2.7256,-4.9784,6.0532
9.016,0.77886,5.8642
11.561,-6.5545,9.1939
-0.1361,-10.524,9.4479
-0.40622,-8.2375,12.449
11.446,-8.4171,12.489
5.7725,-2.9214,11.901
5.4868,-8.4864,11.502
11.826,-2.5629,11.622
2.8189,-11.118,11.218
8.4496,-5.4585,11.888
8.4227,-10.949,12.149
2.7475,-5.1205,11.864
8.6886,-0.054818,11.908
0.40659,-5.1979,-8.8947
-6.8158,-0.12233,-9.0917
5.5946,-0.032527,-8.8687
-0.78701,6.533,-8.5497
0.10041,-5.7898,-3.2487
-5.4348,-0.21213,-3.3397
-5.963,10.808,-3.2397
-0.34507,-0.26022,-9.0767
-6.1228,5.5091,-9.0147
5.6858,5.3266,-9.0447
0.31891,11.391,-8.4897
-0.32032,0.80398,-3.1977
-6.0917,5.922,-3.1937
-6.0585,-2.9246,-11.868
-11.903,3.2598,-11.459
-0.050912,3.0802,-11.419
-5.7247,8.5758,-12.007
-5.7566,-2.733,-6.3697
-10.466,3.2774,-6.3217
0.3182,3.2343,-6.8597
-5.0664,8.8183,-6.1157
-0.86621,-2.7372,-12.131
-6.0104,3.0109,-12.406
5.4871,2.6559,-12.601
0.3288,8.9343,-12.286
-0.27224,-2.378,-5.2857
-5.712,3.1806,-6.2597
5.3995,3.0604,-6.3687
-0.13576,8.9506,-5.6767
-3.0526,-5.5727,-12.275
-8.6783,0.37972,-12.69
2.7202,-0.00070711,-12.334
-3.0476,6.0387,-12.02
-2.9034,-5.6144,-6.7197
-8.4322,0.43628,-5.6977
3.1438,-0.18809,-6.1037
-2.9097,6.0521,-5.0017
-3.0745,0.54871,-11.759
-8.7497,6.3767,-12.044
2.6354,5.9489,-12.024
-2.8086,11.442,-12
-2.8263,0.2185,-6.4997
-8.7717,6.5188,-6.0187
2.9034,6.1278,-6.2967
-2.4812,12.276,-6.2077
0.40659,-5.1979,2.941
-6.8158,-0.12233,2.744
5.5946,-0.032527,2.967
-0.78701,6.533,3.286
0.10041,-5.7898,8.587
-5.4348,-0.21213,8.496
-5.963,10.808,8.596
0.06364,4.9427,-2.878
-0.34507,-0.26022,2.759
-6.1228,5.5091,2.821
5.6858,5.3266,2.791
0.31891,11.391,3.346
-0.32032,0.80398,8.638
-6.0917,5.922,8.642
5.0424,6.0111,-3.013
-11.633,0.97298,-2.624
-6.0585,-2.9246,-0.032
-11.903,3.2598,0.377
-0.050912,3.0802,0.417
-5.7247,8.5758,-0.171
-5.7566,-2.733,5.466
-10.466,3.2774,5.514
0.3182,3.2343,4.976
-5.0664,8.8183,5.72
-0.86621,-2.7372,-0.295
-6.0104,3.0109,-0.57
5.4871,2.6559,-0.765
0.3288,8.9343,-0.45
-0.27224,-2.378,6.55
-5.712,3.1806,5.576
5.3995,3.0604,5.467
-0.13576,8.9506,6.159
-3.0526,-5.5727,-0.439
-8.6783,0.37972,-0.854
2.7202,-0.00070711,-0.498
-3.0476,6.0387,-0.184
-2.9034,-5.6144,5.116
-8.4322,0.43628,6.138
3.1438,-0.18809,5.732
-2.9097,6.0521,6.834
-3.0745,0.54871,0.077
-8.7497,6.3767,-0.208
2.6354,5.9489,-0.188
-2.8086,11.442,-0.164
-2.8263,0.2185,5.336
-8.7717,6.5188,5.817
2.9034,6.1278,5.539
-2.4812,12.276,5.628
0.06364,4.9427,8.9577
5.0424,6.0111,8.8227
-11.633,0.97298,9.2117
-6.0585,-2.9246,11.804
-11.903,3.2598,12.213
-0.050912,3.0802,12.253
-5.7247,8.5758,11.665
-0.86621,-2.7372,11.541
-6.0104,3.0109,11.266
5.4871,2.6559,11.071
0.3288,8.9343,11.386
-3.0526,-5.5727,11.397
-8.6783,0.37972,10.982
2.7202,-0.00070711,11.338
-3.0476,6.0387,11.652
-3.0745,0.54871,11.913
-8.7497,6.3767,11.628
2.6354,5.9489,11.648
-2.8086,11.442,11.672
-11.091,6.2993,-9.1309
-5.9026,11.465,-9.1049
-11.397,5.7074,-3.4849
-11.842,11.237,-9.3129
-11.818,12.301,-3.4339
-12.363,8.76,-12.367
-11.769,9.1192,-5.5219
-8.777,11.497,-12.57
-8.3534,11.309,-6.3399
-11.091,6.2993,2.7048
-5.9026,11.465,2.7308
-11.397,5.7074,8.3508
-11.842,11.237,2.5228
-11.818,12.301,8.4018
-12.363,8.76,-0.53124
-11.769,9.1192,6.3138
-8.777,11.497,-0.73424
-8.3534,11.309,5.4958
-12.363,8.76,11.304
-8.777,11.497,11.101
11.126,3.225,-10.985
12.563,3.2427,-5.8484
11.396,0.93824,-2.1507
11.126,3.225,0.8503
12.563,3.2427,5.9873
11.396,0.93824,9.685
11.126,3.225,12.686
11.939,6.2645,-8.6576
4.7163,11.34,-8.8546
11.632,5.6727,-3.0116
6.0972,11.25,-3.1026
11.187,11.202,-8.8396
11.212,12.266,-2.9606
5.4736,8.5379,-11.631
5.7755,8.7295,-6.1326
10.666,8.7253,-11.894
11.26,9.0845,-5.0486
8.4795,5.8898,-12.038
2.8537,11.842,-12.453
8.6287,5.8481,-6.4826
3.0998,11.899,-5.4606
8.4576,12.011,-11.522
8.7058,11.681,-6.2626
11.939,6.2645,3.1781
4.7163,11.34,2.9811
11.632,5.6727,8.8241
6.0972,11.25,8.7331
11.187,11.202,2.9961
11.212,12.266,8.8751
-0.10125,12.435,-2.3869
5.4736,8.5379,0.20506
5.7755,8.7295,5.7031
10.666,8.7253,-0.057942
11.26,9.0845,6.7871
8.4795,5.8898,-0.20194
2.8537,11.842,-0.61694
8.6287,5.8481,5.3531
3.0998,11.899,6.3751
8.4576,12.011,0.31406
8.7058,11.681,5.5731
-0.10125,12.435,9.4487
5.4736,8.5379,12.041
10.666,8.7253,11.778
8.4795,5.8898,11.634
2.8537,11.842,11.219
8.4576,12.011,12.15
0,0,0
-0.21284,-5.5246,-0.687
5.6144,0.10889,0.306
0.33093,0.26022,-5.8617
-5.9418,0.070004,0.059
-0.1195,5.9291,-0.39
0.33093,0.26022,5.974
0.18031,-5.5176,5.628
5.4069,-5.7435,0.17024
5.7233,5.4702,-0.447
-5.647,0.14284,5.65
6.0285,0.095088,-5.5394
0.18031,-5.5176,-6.2077
-0.024042,6.0387,5.771
-5.8087,-5.9923,-0.68406
-5.647,0.14284,-6.1857
-6.0903,5.7537,-0.066
-0.024042,6.0387,-6.0647
6.0285,0.095088,6.2962
-5.6256,-5.737,5.1029
5.9065,5.7254,5.34
5.9832,-5.4571,-5.7434
-5.514,6.0401,5.856
-5.514,6.0401,-5.9797
5.9832,-5.4571,6.0922
5.9065,5.7254,-6.4957
-5.6256,-5.737,-6.7327
-0.13738,-11.272,0.11518
11.395,0.19055,0.35224
-11.635,0.22529,-0.12106
-0.10253,11.688,0.116
0,0,-11.836
0,0,11.836
-0.21284,-5.5246,11.149
-11.15,0.10041,-5.8327
-11.15,0.10041,6.003
11.378,-5.5681,-0.15376
0.34756,-11.397,-5.5964
5.5554,-11.427,0.29524
11.319,5.9379,-0.44994
-5.9176,-11.354,0.068942
5.5903,11.532,0.29606
5.6144,0.10889,-11.53
0.38241,11.563,-5.5956
-0.1195,5.9291,11.446
-11.652,-5.5334,-0.62706
0.34756,-11.397,6.2392
-5.8828,11.606,0.069762
11.88,0.065667,-5.3594
0.38241,11.563,6.2401
-11.71,5.9726,-0.92324
-5.9418,0.070004,-11.777
-5.9418,0.070004,11.895
5.6144,0.10889,12.142
11.88,0.065667,6.4763
-0.1195,5.9291,-12.226
-0.21284,-5.5246,-12.523
5.7233,5.4702,11.389
-5.5036,-11.367,-5.7765
-11.317,5.9797,5.3918
-11.556,-5.4238,5.5339
-5.8087,-5.9923,11.152
11.473,-5.4585,-5.8284
-5.5036,-11.367,6.0592
11.473,-5.4585,6.0072
-5.4688,11.592,-5.7757
5.8503,-11.354,5.8862
5.4069,-5.7435,-11.665
5.8503,-11.354,-5.9494
-5.4688,11.592,6.06
-11.556,-5.4238,-6.3017
5.8851,11.605,5.8871
5.8851,11.605,-5.9486
-11.317,5.9797,-6.4439
5.4069,-5.7435,12.006
11.712,5.9449,5.8651
11.712,5.9449,-5.9706
-6.0903,5.7537,11.77
-6.0903,5.7537,-11.902
5.7233,5.4702,-12.283
-5.8087,-5.9923,-12.52
11.395,0.19055,-11.483
11.497,-11.497,0.23624
-11.497,11.497,-0.23624
-11.532,-11.462,-0.23706
11.532,11.462,0.23706
-0.13738,-11.272,-11.72
-0.13738,-11.272,11.951
-11.635,0.22529,11.715
-0.10253,11.688,-11.72
-11.635,0.22529,-11.957
11.395,0.19055,12.188
-0.10253,11.688,11.952
-11.201,-11.202,5.7369
-11.201,-11.202,-6.0987
-11.71,5.9726,10.912
-11.652,-5.5334,11.209
11.319,5.9379,11.386
5.5554,-11.427,-11.54
-11.166,11.757,5.7378
11.378,-5.5681,11.682
5.5903,11.532,-11.54
11.828,-11.237,-5.6254
-11.166,11.757,-6.0979
-5.9176,-11.354,-11.767
11.378,-5.5681,-11.989
11.828,-11.237,6.2102
-5.9176,-11.354,11.905
-5.8828,11.606,-11.766
5.5554,-11.427,12.131
11.863,11.723,-5.6246
-5.8828,11.606,11.905
5.5903,11.532,12.132
11.319,5.9379,-12.286
11.863,11.723,6.2111
-11.652,-5.5334,-12.463
-11.71,5.9726,-12.759
-11.532,-11.462,11.599
11.532,11.462,-11.599
11.497,-11.497,-11.599
-11.497,11.497,11.599
11.497,-11.497,12.072
-11.497,11.497,-12.072
11.532,11.462,12.073
-11.532,-11.462,-12.073
