-10.286,-9.5385,-10.604
-10.609,-3.2092,-9.2157
-9.5206,-9.0846,-3.5496
-10.286,-9.5385,2.2824
-3.7152,-9.7422,-2.2176
-10.609,-3.2092,3.6704
-9.5206,-9.0846,9.3366
-3.7152,-9.7422,10.669
9.4185,-10.404,-8.9018
9.5641,-3.8606,-2.7486
9.4913,-10.493,-3.3536
9.4185,-10.404,3.9844
9.5641,-3.8606,10.137
9.4913,-10.493,9.5325
2.1659,-9.425,-9.3161
-3.8339,-4.0772,-9.3101
9.0616,-3.4995,-8.7241
2.8772,3.1827,-10.431
3.095,-4.3805,-9.5861
-3.5186,2.5329,-9.0781
-2.6453,-10.235,-8.9191
2.5541,9.512,-9.0431
2.3879,-9.1196,-2.576
-3.7194,-3.6939,-3.198
-3.3729,9.0764,-2.925
3.6423,3.6367,-3.377
2.1659,-9.425,3.57
-3.8339,-4.0772,3.576
9.0616,-3.4995,4.162
2.8772,3.1827,2.455
2.2698,-2.9105,-2.239
-3.4457,2.4445,-3.53
9.4477,2.979,-2.045
-10.304,-3.3319,-3.112
3.095,-4.3805,3.3
-3.5186,2.5329,3.808
-2.6453,-10.235,3.967
2.5541,9.512,3.843
2.3879,-9.1196,10.31
-3.7194,-3.6939,9.6881
-3.3729,9.0764,9.9611
3.6423,3.6367,9.5091
2.2698,-2.9105,10.647
-3.4457,2.4445,9.3561
9.4477,2.979,10.841
-10.304,-3.3319,9.7741
-10.771,3.512,-9.4925
-3.8755,9.4376,-8.9005
-9.842,8.5565,-9.7625
-10.549,3.8175,-2.7524
-10.771,3.512,3.3936
-3.8755,9.4376,3.9856
-10.667,10.027,-2.4154
-9.842,8.5565,3.1236
-10.549,3.8175,10.134
-10.667,10.027,10.471
9.3289,8.644,-9.1376
10.518,2.4858,-8.7466
9.4435,9.0273,-3.0254
9.3289,8.644,3.7486
2.8589,9.3893,-2.9394
10.518,2.4858,4.1396
9.4435,9.0273,9.8607
2.8589,9.3893,9.9467
-9.6089,-4.318,-9.1707
-10.66,-10.582,-9.6077
-4.5906,-9.9727,-3.4446
-9.6089,-4.318,3.7154
-10.64,-9.9324,-4.0936
-10.66,-10.582,3.2784
-4.5906,-9.9727,9.4416
-10.64,-9.9324,8.7926
8.0566,-9.8668,-9.3208
10.235,-3.7793,-9.1578
9.1964,-10.449,-1.8586
8.0566,-9.8668,3.5654
3.594,-9.7473,-2.6986
10.235,-3.7793,3.7284
9.1964,-10.449,11.027
3.594,-9.7473,10.187
-3.1523,-9.8981,-10.266
3.5539,8.4033,-8.9981
2.1022,-3.3043,-9.6381
-4.8805,3.0703,-9.4971
-3.247,-2.7436,-9.6321
3.1898,-9.1167,-8.2491
2.5032,2.1397,-9.4351
-2.7019,9.1577,-9.3341
8.5723,2.7485,-3.272
-9.6732,-3.6557,-1.766
3.4429,-3.2152,-3.131
-3.7406,2.4876,-2.035
-3.1523,-9.8981,2.62
3.5539,8.4033,3.888
2.1022,-3.3043,3.248
-4.8805,3.0703,3.389
-2.8963,-3.7646,-1.902
-9.343,3.1898,-2.875
2.523,2.7888,-3.921
8.7087,-2.8779,-2.261
-3.247,-2.7436,3.254
3.1898,-9.1167,4.637
2.5032,2.1397,3.451
-2.7019,9.1577,3.552
8.5723,2.7485,9.6141
-9.6732,-3.6557,11.12
3.4429,-3.2152,9.7551
-3.7406,2.4876,10.851
-2.8963,-3.7646,10.984
-9.343,3.1898,10.011
2.523,2.7888,8.9651
8.7087,-2.8779,10.625
-10.835,9.6327,-9.8145
-9.7473,3.8203,-8.4255
-9.4941,9.7218,-3.3074
-10.835,9.6327,3.0716
-4.2283,10.059,-2.4374
-9.7473,3.8203,4.4606
-9.4941,9.7218,9.5788
-4.2283,10.059,10.449
10.011,2.8231,-10.094
9.9158,9.9776,-9.4596
3.4896,9.0655,-1.5934
10.011,2.8231,2.7926
10.267,8.9566,-1.7294
9.9158,9.9776,3.4266
3.4896,9.0655,11.293
10.267,8.9566,11.157
-10.148,-12.273,-13.314
-4.0681,-13.399,-11.454
-10.322,-6.2979,-12.596
-3.2436,-13.454,-6.5687
-10.083,-7.1188,-6.3567
-14.057,-9.8878,-12.517
-13.395,-10.04,-6.4907
-6.376,-10.244,-12.35
-13.697,-3.0763,-13.204
-6.4418,-9.7903,-5.9967
-8.0943,-13.71,-9.0267
-13.109,-6.5651,-9.6697
-13.208,-12.888,-9.4877
-6.6483,-7.2022,-9.2527
-10.148,-12.273,-0.42755
-9.9554,-13.201,-5.3926
-4.0681,-13.399,1.4324
-10.322,-6.2979,0.29045
-3.2436,-13.454,6.3174
-10.083,-7.1188,6.5294
-14.057,-9.8878,0.36945
-13.395,-10.04,6.3954
-6.376,-10.244,0.53645
-13.697,-3.0763,-0.31755
-6.4418,-9.7903,6.8894
-13.501,-3.7707,-5.8026
-6.7027,-12.983,-2.7736
-13.091,-7.6109,-3.1256
-8.0943,-13.71,3.8594
-13.109,-6.5651,3.2164
-14.392,-13.614,-3.0826
-1.1576,-12.694,-2.8786
-13.208,-12.888,3.3984
-6.6483,-7.2022,3.6334
-10.148,-12.273,12.459
-9.9554,-13.201,7.4936
-4.0681,-13.399,14.319
-10.322,-6.2979,13.177
-14.057,-9.8878,13.256
-6.376,-10.244,13.423
-13.697,-3.0763,12.569
-13.501,-3.7707,7.0836
-6.7027,-12.983,10.113
-13.091,-7.6109,9.7606
-14.392,-13.614,9.8036
-1.1576,-12.694,10.008
-14.095,0.2427,-3.0549
-14.095,0.2427,9.8312
2.4924,-13.123,-13.168
9.4376,-6.6063,-12.041
2.9852,-11.796,-5.5868
9.2375,-6.8884,-6.4598
8.7976,-12.674,-11.922
9.4864,-14.022,-6.5838
12.043,-10.104,-12.168
12.705,-10.256,-6.1418
5.2579,-9.9743,-12.361
12.402,-3.2921,-12.855
6.991,-9.8788,-5.9488
5.9112,-13.077,-8.9548
12.991,-6.781,-9.3208
12.892,-13.104,-9.1388
0.77551,-13.795,-9.4428
2.4924,-13.123,-0.28164
9.4376,-6.6063,0.84536
2.9852,-11.796,7.2994
9.2375,-6.8884,6.4264
8.7976,-12.674,0.96436
9.4864,-14.022,6.3024
12.043,-10.104,0.71836
12.705,-10.256,6.7444
5.2579,-9.9743,0.52536
12.402,-3.2921,0.031357
6.991,-9.8788,6.9374
12.599,-3.9865,-5.4536
6.6855,-13.088,-2.8296
13.008,-7.8268,-2.7766
5.9112,-13.077,3.9314
12.991,-6.781,3.5654
7.3495,-7.3028,-2.4436
11.708,-13.829,-2.7336
12.892,-13.104,3.7474
0.77551,-13.795,3.4434
2.4924,-13.123,12.604
9.4376,-6.6063,13.731
8.7976,-12.674,13.85
12.043,-10.104,13.604
5.2579,-9.9743,13.411
12.402,-3.2921,12.917
12.599,-3.9865,7.4325
6.6855,-13.088,10.056
13.008,-7.8268,10.109
7.3495,-7.3028,10.442
11.708,-13.829,10.152
-3.6579,-6.5231,-12.748
-10.445,-0.18597,-13.344
3.0151,0.44831,-13.141
-3.4995,6.3307,-12.217
-9.9518,1.1413,-5.7631
-3.6996,6.0486,-6.6361
2.9267,-6.0238,-13.245
-4.1394,0.26304,-12.098
9.0948,-0.67741,-11.281
2.8412,6.4234,-12.423
2.9882,-6.7246,-5.6991
-3.4507,-1.0847,-6.7601
9.9193,-0.73256,-6.3961
3.0795,5.6024,-6.1841
-0.18173,-9.9356,-12.467
-6.3081,-3.1516,-12.268
6.0486,-3.3022,-12.982
-0.89449,2.8334,-12.344
-0.2687,-10.071,-6.0631
-6.7967,-3.5893,-6.6901
-0.23193,2.6813,-6.3181
-0.53104,-2.9239,-12.012
-7.6792,2.9628,-12.537
6.7868,2.4777,-12.177
-0.53457,9.6449,-13.031
0.14213,-3.6225,-6.5591
-5.9461,3.0582,-6.1251
6.721,2.931,-5.8241
-1.5068,-6.6744,-9.3301
-7.0258,-0.14001,-9.1311
5.0685,-0.98854,-8.8541
0.05374,6.1561,-9.4971
5.7764,-6.6857,-9.4591
-0.045255,-0.16688,-9.3151
-12.162,-0.85772,-9.6191
6.5146,5.519,-9.0801
-3.6579,-6.5231,0.138
-10.445,-0.18597,-0.458
3.0151,0.44831,-0.255
-3.4995,6.3307,0.669
-3.6494,-6.9417,-5.305
-9.9518,1.1413,7.123
3.2074,-0.47942,-5.22
-3.6996,6.0486,6.25
2.9267,-6.0238,-0.359
-4.1394,0.26304,0.788
9.0948,-0.67741,1.605
2.8412,6.4234,0.463
2.9882,-6.7246,7.187
-3.4507,-1.0847,6.126
9.9193,-0.73256,6.49
3.0795,5.6024,6.702
-0.18173,-9.9356,0.419
-6.3081,-3.1516,0.618
6.0486,-3.3022,-0.096
-0.89449,2.8334,0.542
-0.2687,-10.071,6.823
-6.7967,-3.5893,6.196
6.2317,-3.4514,-5.443
-0.23193,2.6813,6.568
-0.53104,-2.9239,0.874
-7.6792,2.9628,0.349
6.7868,2.4777,0.709
-0.53457,9.6449,-0.145
0.14213,-3.6225,6.327
-5.9461,3.0582,6.761
6.721,2.931,7.062
-0.338,8.9506,-5.63
-0.5169,-6.4156,-2.577
-6.2515,-0.15061,-3.006
6.4601,-0.26163,-2.601
0.071418,5.1103,-2.953
-1.5068,-6.6744,3.556
-7.0258,-0.14001,3.755
5.0685,-0.98854,4.032
0.05374,6.1561,3.389
-5.5876,5.6342,-2.62
-1.229,-0.89237,-2.91
12.005,0.02687,-2.706
-7.1354,-5.6717,-2.864
5.7764,-6.6857,3.427
-0.045255,-0.16688,3.571
-12.162,-0.85772,3.267
6.5146,5.519,3.806
-3.6579,-6.5231,13.024
-10.445,-0.18597,12.428
3.0151,0.44831,12.631
-3.4995,6.3307,13.555
-3.6494,-6.9417,7.5811
3.2074,-0.47942,7.6661
2.9267,-6.0238,12.527
-4.1394,0.26304,13.674
9.0948,-0.67741,14.491
2.8412,6.4234,13.349
-0.18173,-9.9356,13.305
-6.3081,-3.1516,13.504
6.0486,-3.3022,12.79
-0.89449,2.8334,13.428
6.2317,-3.4514,7.4431
-0.53104,-2.9239,13.76
-7.6792,2.9628,13.235
6.7868,2.4777,13.595
-0.53457,9.6449,12.741
-0.338,8.9506,7.2561
-0.5169,-6.4156,10.309
-6.2515,-0.15061,9.8801
6.4601,-0.26163,10.285
0.071418,5.1103,9.9331
-5.5876,5.6342,10.266
-1.229,-0.89237,9.9761
12.005,0.02687,10.18
-7.1354,-5.6717,10.022
-9.9219,13.385,-13.317
-10.01,6.9132,-13.421
-3.8422,12.26,-11.457
-9.9488,6.2125,-5.8755
-3.0177,12.204,-6.5725
-13.119,3.0015,-12.643
-6.8884,9.6349,-13.158
-13.206,2.8664,-6.2395
-13.468,10.013,-12.188
-12.795,9.3145,-6.7355
-14.444,6.2627,-9.5065
-7.8685,11.949,-9.0305
-7.1607,6.2513,-9.6355
-12.982,12.77,-9.4915
-9.9219,13.385,-0.43136
-9.7296,12.458,-5.3964
-10.01,6.9132,-0.53536
-3.8422,12.26,1.4286
-9.9488,6.2125,7.0106
-3.0177,12.204,6.3136
-13.119,3.0015,0.24264
-6.8884,9.6349,-0.27236
-13.206,2.8664,6.6466
-6.7053,9.4857,-5.6194
-13.468,10.013,0.69764
-12.795,9.3145,6.1506
-13.454,6.5215,-2.7534
-6.4769,12.675,-2.7774
-14.444,6.2627,3.3796
-7.8685,11.949,3.8556
-14.166,12.045,-3.0864
-0.93178,12.964,-2.8824
-7.1607,6.2513,3.2506
-12.982,12.77,3.3946
-9.9219,13.385,12.455
-9.7296,12.458,7.4898
-10.01,6.9132,12.351
-3.8422,12.26,14.315
-13.119,3.0015,13.129
-6.8884,9.6349,12.614
-6.7053,9.4857,7.2668
-13.468,10.013,13.584
-13.454,6.5215,10.133
-6.4769,12.675,10.109
-14.166,12.045,9.7998
-0.93178,12.964,10.004
13.938,-1.0736,-9.2702
13.938,-1.0736,3.6159
9.505,6.1981,-12.576
2.7182,12.535,-13.172
3.211,13.862,-5.5906
9.0235,12.984,-11.926
9.7122,11.637,-6.5876
12.981,2.7857,-12.295
6.8548,9.5696,-12.096
12.894,2.6506,-5.8906
6.3661,9.1319,-6.5176
12.632,9.7973,-11.84
13.305,9.0987,-6.3866
11.656,6.0468,-9.1576
6.137,12.581,-8.9586
13.118,12.554,-9.1426
1.0013,11.863,-9.4466
9.505,6.1981,0.31055
2.7182,12.535,-0.28545
9.5135,5.7795,-5.1324
3.211,13.862,7.2956
9.0235,12.984,0.96055
9.7122,11.637,6.2986
12.981,2.7857,0.59155
6.8548,9.5696,0.79055
12.894,2.6506,6.9956
6.3661,9.1319,6.3686
12.632,9.7973,1.0466
13.305,9.0987,6.4996
12.646,6.3056,-2.4044
6.9113,12.571,-2.8334
11.656,6.0468,3.7286
6.137,12.581,3.9276
11.934,11.829,-2.7374
6.0274,7.0495,-2.6914
13.118,12.554,3.7436
1.0013,11.863,3.4396
9.505,6.1981,13.197
2.7182,12.535,12.601
9.5135,5.7795,7.7537
9.0235,12.984,13.847
12.981,2.7857,13.478
6.8548,9.5696,13.677
12.632,9.7973,13.933
12.646,6.3056,10.482
6.9113,12.571,10.053
11.934,11.829,10.149
6.0274,7.0495,10.195
0,0,0
5.8273,-0.31891,1.135
-0.51972,-0.6173,-5.9081
-0.58195,6.0578,-0.112
-0.32244,-6.801,0.896
-6.9989,-0.14425,0.205
-0.51972,-0.6173,6.978
6.4729,-0.2588,-5.574
-0.40941,5.8598,-6.3731
-0.40941,5.8598,6.513
6.2006,6.1342,0.981
6.2911,-6.4835,0.26
-0.44901,-6.9318,-5.9641
-6.6459,6.4536,0.083643
-7.1991,-0.098288,-5.8741
-6.9622,-6.5871,0.80845
6.4729,-0.2588,7.3121
-0.44901,-6.9318,6.922
-7.1991,-0.098288,7.012
6.0203,6.3371,-5.9651
6.12,-6.6008,-5.634
-6.817,6.3362,-5.8104
6.0203,6.3371,6.921
-7.1426,-6.3841,-6.1377
6.12,-6.6008,7.2521
-6.817,6.3362,7.0758
-7.1426,-6.3841,6.7484
0.23148,12.827,0.33119
0.0056569,-12.831,0.335
0,0,12.886
0,0,-12.886
-12.931,0.10588,0.15864
5.8273,-0.31891,-11.751
13.169,-0.10995,0.50755
-0.32951,12.053,-6.0621
-0.32244,-6.801,-11.99
-0.32951,12.053,6.824
12.608,-0.8837,-5.8858
6.1639,12.577,0.37755
12.355,-6.8793,0.064357
-0.58195,6.0578,12.774
12.84,5.9203,1.0686
-0.58195,6.0578,-12.998
5.9381,-13.081,0.38136
12.608,-0.8837,7.0004
-6.9989,-0.14425,-12.681
-7.1098,12.618,0.95864
-13.259,6.1361,0.71964
6.2006,6.1342,-11.905
-6.9989,-0.14425,13.091
-13.492,-0.66787,-6.2347
-0.55533,-13.605,-6.0583
-7.3356,-13.04,0.96245
-13.492,-0.66787,6.6514
5.9638,12.623,-5.7016
12.714,5.7894,-5.7916
5.8273,-0.31891,14.021
-0.55533,-13.605,6.8278
-13.745,-6.6634,-0.28455
5.738,-13.035,-5.6978
-6.4642,12.678,-5.7504
-0.32244,-6.801,13.782
-6.9622,-6.5871,-12.078
6.2911,-6.4835,-12.626
12.528,-7.0772,-6.1968
12.714,5.7894,7.0946
-6.69,-12.98,-5.7466
5.9638,12.623,7.1846
-6.6459,6.4536,-12.802
12.528,-7.0772,6.6894
-13.386,6.0053,-6.1405
-6.4642,12.678,7.1358
-6.6459,6.4536,12.97
6.2911,-6.4835,13.146
5.738,-13.035,7.1884
-13.386,6.0053,6.7456
-6.69,-12.98,7.1396
6.2006,6.1342,13.867
-13.572,-6.8614,6.3404
-13.572,-6.8614,-6.5457
-6.9622,-6.5871,13.695
0.0056569,-12.831,-12.551
0.23148,12.827,-12.555
13.169,-0.10995,-12.379
-12.931,0.10588,-12.727
12.937,-12.937,0.17636
-12.937,12.937,-0.17636
-13.163,-12.721,-0.17255
13.163,12.721,0.17255
-12.931,0.10588,13.045
12.643,12.104,-5.7356
0.23148,12.827,13.217
0.0056569,-12.831,13.221
12.84,5.9203,-11.818
-7.1098,12.618,-11.927
6.1639,12.577,-12.509
13.169,-0.10995,13.394
12.643,12.104,7.1506
-13.259,6.1361,-12.166
5.9381,-13.081,-12.505
12.355,-6.8793,-12.822
-7.3356,-13.04,-11.924
12.355,-6.8793,12.95
-13.457,12.32,-6.0845
12.417,-13.554,-5.7318
6.1639,12.577,13.264
-13.457,12.32,6.8016
5.9381,-13.081,13.267
12.417,-13.554,7.1544
-13.745,-6.6634,12.602
12.84,5.9203,13.955
-13.259,6.1361,13.606
-7.1098,12.618,13.845
-13.683,-13.339,-6.0807
-13.745,-6.6634,-13.171
-13.683,-13.339,6.8054
-7.3356,-13.04,13.849
12.937,-12.937,-12.71
-12.937,12.937,12.71
-13.163,-12.721,12.714
13.163,12.721,-12.714
12.937,-12.937,13.062
-12.937,12.937,-13.062
-13.163,-12.721,-13.059
13.163,12.721,13.059
