-3.8109,-8.9432,-8.5008
-9.2966,-10.482,-9.4108
-3.8113,-8.9418,4.6765
-9.2971,-10.481,3.7665
-3.5059,-9.8356,-3.5115
-8.8869,-4.1321,-3.1795
-9.4357,-9.3463,-2.7105
-3.5063,-9.8343,9.6657
-8.8874,-4.1308,9.9977
-9.4361,-9.345,10.467
9.6478,-9.0095,-9.6263
9.7673,-2.9616,-10.104
9.6474,-9.0082,3.5509
9.7669,-2.9603,3.0729
9.0428,-9.3752,-2.8351
9.5746,-3.5274,-3.0301
9.0424,-9.3739,10.342
9.5741,-3.5261,10.147
8.8633,3.7294,-8.5012
-8.7931,-2.7364,-9.2172
3.5572,-3.2399,-10.087
-2.9546,3.5943,-9.6282
3.0742,-8.9285,-9.3282
-2.9348,-1.8348,-9.9942
-2.8351,9.6422,-10.106
3.3776,2.1907,-9.4112
8.8629,3.7307,4.676
-8.7936,-2.7351,3.96
3.5567,-3.2385,3.09
-2.955,3.5956,3.549
3.0738,-8.9272,3.849
-2.9352,-1.8335,3.183
-2.8355,9.6435,3.071
3.3771,2.192,3.766
2.5498,-3.2753,-2.955
-3.5596,3.2286,-2.837
9.1683,2.8369,-3.512
3.7873,8.5404,-3.18
3.0377,-8.1742,-2.88
-4.0842,-2.9783,-3.125
-3.0278,9.0764,-3.032
3.2385,3.3262,-2.711
2.5494,-3.274,10.222
-3.56,3.23,10.34
9.1679,2.8382,9.6652
3.7868,8.5418,9.9972
3.0373,-8.1728,10.297
-4.0847,-2.977,10.052
-3.0283,9.0777,10.145
3.2381,3.3275,10.466
-9.0452,9.364,-10.089
-9.5282,3.6753,-9.3301
-9.0457,9.3653,3.0881
-9.5286,3.6766,3.8471
-10.053,9.3285,-2.9569
-9.5647,4.4297,-2.8819
-10.053,9.3298,10.22
-9.5651,4.431,10.295
3.8811,9.9361,-9.2177
9.7394,10.838,-9.9947
3.8806,9.9374,3.9595
9.739,10.839,3.1825
8.59,9.6942,-3.1255
8.5895,9.6955,10.052
-10.194,-2.2674,-9.3678
-9.4133,-9.1404,-8.6948
-10.194,-2.266,3.8095
-9.4137,-9.1391,4.4825
-9.8104,-9.0988,-1.2655
-9.8109,-9.0975,11.912
9.43,-8.516,-11.031
4.3467,-9.1941,-10.059
10.117,-2.6152,-8.6953
9.4296,-8.5146,2.1459
4.3462,-9.1928,3.1179
10.116,-2.6138,4.4819
10.239,-8.6398,-3.3761
10.965,-3.0452,-2.6241
10.239,-8.6385,9.8011
10.964,-3.0439,10.553
4.1504,-1.9635,-9.5472
-3.1724,4.0879,-11.033
-3.212,-8.6217,-9.8822
2.4803,10.405,-9.3682
-3.1349,-2.274,-11.386
-8.2557,3.4098,-10.061
3.2609,3.5321,-8.6952
-2.4858,9.9887,-8.6972
4.15,-1.9622,3.63
-3.1728,4.0892,2.144
-3.2124,-8.6203,3.295
2.4798,10.406,3.809
-3.1353,-2.2726,1.791
-8.2562,3.4111,3.116
3.2605,3.5334,4.482
-2.4862,9.99,4.48
-3.1431,-8.9117,-2.389
-9.2362,-3.0901,-2.167
3.8184,-2.5428,-3.225
-2.3632,3.964,-3.378
-3.1099,-4.1337,-3.127
2.5364,-8.8579,-4.092
2.8638,3.5737,-1.266
-1.6377,9.5587,-2.626
-3.1435,-8.9104,10.788
-9.2367,-3.0887,11.01
3.8179,-2.5414,9.9522
-2.3636,3.9654,9.7992
-3.1103,-4.1324,10.05
2.536,-8.8566,9.0852
2.8633,3.575,11.911
-1.6381,9.56,10.551
-8.452,10.64,-9.5491
-8.4524,10.642,3.6281
-8.784,10.061,-3.2269
-10.066,3.7459,-4.0939
-8.7845,10.062,9.9503
-10.066,3.7472,9.0833
9.4623,4.0509,-9.8827
9.5393,10.399,-11.387
9.4618,4.0522,3.2945
9.5389,10.4,1.7905
9.5311,3.7609,-2.3895
3.438,9.5825,-2.1675
9.5644,8.5388,-3.1275
9.5307,3.7622,10.788
3.4375,9.5838,11.01
9.5639,8.5401,10.05
-5.3156,-12.325,-9.6548
-12.596,-5.5674,-9.5438
-0.77034,-12.436,-9.3398
-12.217,-12.984,-9.4788
-9.5151,-5.909,-6.8158
-6.2426,-8.9028,-12.24
-12.092,-2.8161,-12.715
-12.754,-9.1913,-12.402
-9.4522,-12.752,-13.3
-2.9221,-12.041,-13.58
-9.4826,-6.1579,-12.334
-12.743,-11.446,-2.7575
-6.1858,-6.6324,-2.9845
-5.3161,-12.323,3.5225
-12.596,-5.5661,3.6335
-0.77078,-12.435,3.8375
-12.217,-12.982,3.6985
-5.8471,-12.935,-3.0665
-12.079,-6.5278,-2.9565
-9.6372,-13.46,-6.0305
-3.0851,-12.532,-6.1095
-9.5156,-5.9076,6.3615
-12.244,-9.6171,-6.4295
-6.2431,-8.9015,0.93746
-12.092,-2.8148,0.46246
-7.0555,-9.5952,-6.0135
-12.897,-3.0127,-6.0775
-12.754,-9.19,0.77546
-9.4526,-12.75,-0.12254
-2.9225,-12.04,-0.40254
-9.483,-6.1565,0.84346
-12.743,-11.444,10.42
-6.1862,-6.6311,10.193
-5.8475,-12.934,10.111
-12.079,-6.5265,10.221
-9.6376,-13.458,7.1467
-3.0856,-12.531,7.0677
-12.244,-9.6158,6.7477
-6.2435,-8.9002,14.115
-12.093,-2.8134,13.64
-7.056,-9.5939,7.1637
-12.897,-3.0114,7.0997
-12.755,-9.1887,13.953
-9.4531,-12.749,13.055
-2.9229,-12.038,12.775
-9.4835,-6.1552,14.021
-13.373,0.16759,-9.3417
-13.373,0.1689,3.8356
6.719,-12.283,-9.7293
12.681,-5.4987,-9.5423
13.06,-12.915,-9.4773
6.427,-6.3572,-9.5193
2.8752,-12.76,-6.7593
6.603,-9.0223,-13.282
13.185,-2.7474,-12.713
12.523,-9.1227,-12.4
3.1425,-11.96,-12.101
9.6097,-5.8092,-13.183
9.5255,-11.813,-12.939
12.534,-11.377,-2.7561
6.7186,-12.282,3.4479
12.68,-5.4974,3.6349
13.059,-12.914,3.6999
6.4265,-6.3559,3.6579
5.0703,-12.57,-3.1001
13.198,-6.4591,-2.9551
2.8747,-12.759,6.4179
9.2797,-6.8317,-6.3061
9.2026,-12.286,-5.8211
13.033,-9.5484,-6.4281
6.6026,-9.0209,-0.1051
13.184,-2.7461,0.4639
5.4408,-9.3031,-6.2041
12.38,-2.9441,-6.0761
12.522,-9.1213,0.7769
3.142,-11.958,1.0759
9.6092,-5.8078,-0.006097
9.5251,-11.812,0.2379
12.533,-11.376,10.421
5.0699,-12.569,10.077
13.197,-6.4578,10.222
9.2793,-6.8304,6.8711
9.2022,-12.284,7.3561
13.033,-9.5471,6.7491
6.6022,-9.0196,13.072
13.184,-2.7448,13.641
5.4404,-9.3018,6.9731
12.379,-2.9427,7.1011
12.522,-9.12,13.954
3.1416,-11.957,14.253
9.6088,-5.8065,13.171
9.5246,-11.811,13.415
-0.013002,-5.2077,-9.7162
-5.8834,0.32042,-9.7312
7.3586,0.34799,-9.6552
0.078215,7.1051,-9.5442
-5.124,-4.9405,-9.5922
11.904,0.23627,-9.3402
0.45722,-0.31103,-9.4792
-6.1754,6.2467,-9.5212
-9.7272,-0.15617,-6.7612
3.1591,6.7636,-6.8162
0.081044,-9.1923,-7.0582
6.5914,-3.0383,-7.1052
-0.66566,-2.8382,-14.033
-5.9994,3.5816,-13.284
6.4316,3.7697,-12.24
0.58238,9.8565,-12.715
0.098721,-8.9653,-12.743
-6.2426,-2.5038,-13.192
6.6069,-2.6325,-12.929
-0.07947,3.4812,-12.402
-2.8598,-5.9799,-13.408
-9.4599,0.64427,-12.103
3.222,-0.079098,-13.3
-2.9927,6.7947,-13.185
3.326,-6.2161,-12.633
-3.0769,0.79064,-12.941
9.7521,0.63154,-13.58
3.1916,6.5147,-12.334
-0.068589,1.2268,-2.758
6.2091,-5.089,-3.27
6.4884,6.0401,-2.985
0.58902,-11.488,-2.86
-0.013435,-5.2064,3.461
-5.8838,0.32173,3.446
7.3582,0.34931,3.522
0.077782,7.1064,3.633
-5.1244,-4.9391,3.585
11.903,0.23759,3.837
0.45679,-0.30971,3.698
-6.1759,6.248,3.656
-0.44901,-6.7819,-3.31
-7.5321,0.033941,-3.102
6.8271,-0.26234,-3.067
0.59538,6.1448,-2.957
-3.3432,-6.3442,-6.037
-9.7277,-0.15486,6.416
3.037,-0.78701,-6.031
-3.3227,5.7721,-6.308
2.8694,-5.3585,-6.259
-3.3998,0.3182,-5.823
9.5891,0.14071,-6.11
3.1586,6.7649,6.361
0.08061,-9.191,6.119
-6.639,-3.1049,-6.062
6.5909,-3.037,6.072
0.43063,3.0554,-6.43
-0.66609,-2.8369,-0.856
-5.9998,3.5829,-0.107
6.4311,3.771,0.937
0.58195,9.8578,0.462
-1.0585,-2.914,-5.731
-7.1616,3.3008,-6.206
5.6187,3.0773,-6.014
-0.22274,9.6598,-6.078
0.098288,-8.964,0.434
-6.243,-2.5025,-0.015
6.6065,-2.6311,0.248
-0.079903,3.4825,0.775
-2.8602,-5.9786,-0.231
-9.4604,0.64559,1.074
3.2216,-0.077782,-0.123
-2.9932,6.796,-0.008
3.3255,-6.2148,0.544
-3.0773,0.79196,0.236
9.7517,0.63286,-0.403
3.1912,6.516,0.843
-0.069023,1.2281,10.419
6.2087,-5.0877,9.9072
6.488,6.0414,10.192
0.58859,-11.487,10.317
-0.44945,-6.7805,9.8672
-7.5325,0.035257,10.075
6.8267,-0.26102,10.11
0.59495,6.1461,10.22
-3.3436,-6.3428,7.1402
3.0366,-0.78569,7.1462
-3.3231,5.7734,6.8692
2.869,-5.3571,6.9182
-3.4002,0.31951,7.3542
9.5886,0.14203,7.0672
-6.6395,-3.1036,7.1152
0.43019,3.0567,6.7472
-0.66653,-2.8356,12.321
-6.0002,3.5842,13.07
6.4307,3.7723,14.114
0.58152,9.8591,13.639
-1.059,-2.9127,7.4462
-7.162,3.3021,6.9712
5.6182,3.0786,7.1632
-0.22317,9.6611,7.0992
0.097854,-8.9627,13.611
-6.2435,-2.5011,13.162
6.6061,-2.6298,13.425
-0.080337,3.4838,13.952
-2.8607,-5.9773,12.946
-9.4608,0.6469,14.251
3.2211,-0.076466,13.054
-2.9936,6.7973,13.169
3.3251,-6.2134,13.721
-3.0778,0.79328,13.413
9.7513,0.63418,12.774
3.1907,6.5173,14.02
-12.615,7.3961,-9.7181
-5.2438,12.952,-9.6571
-0.69853,12.84,-9.3421
-12.145,12.293,-9.4811
-12.521,3.4116,-7.0601
-6.011,9.5655,-7.1071
-13.268,9.7656,-14.035
-12.504,3.6385,-12.745
-5.9955,9.9714,-12.931
-9.3804,12.525,-13.302
-9.2764,6.3878,-12.635
-2.8503,13.235,-13.582
-12.671,13.831,-2.7599
-6.3933,7.5148,-3.2719
-12.013,1.1155,-2.8619
-12.616,7.3974,3.4591
-5.2442,12.953,3.5201
-0.69897,12.841,3.8351
-12.146,12.294,3.6961
-13.051,5.822,-3.3119
-5.7753,12.342,-3.0689
-9.5654,11.817,-6.0329
-9.733,7.2454,-6.2609
-3.0133,12.745,-6.1119
-12.522,3.4129,6.1171
-6.0115,9.5668,6.0701
-13.268,9.7669,-0.8579
-13.661,9.6899,-5.7329
-12.504,3.6399,0.4321
-5.9959,9.9727,0.2461
-9.3808,12.526,-0.1249
-9.2769,6.3891,0.5421
-2.8507,13.237,-0.4049
-12.671,13.832,10.417
-6.3937,7.5161,9.9053
-12.014,1.1168,10.315
-13.052,5.8233,9.8653
-5.7757,12.343,10.108
-9.5658,11.818,7.1443
-9.7334,7.2467,6.9163
-3.0138,12.746,7.0653
-13.269,9.7683,12.319
-13.661,9.6912,7.4443
-12.505,3.6412,13.609
-5.9963,9.974,13.423
-9.3813,12.527,13.052
-9.2773,6.3904,13.719
-2.8511,13.238,12.772
12.661,7.4648,-9.7167
6.7908,12.993,-9.7317
7.5502,7.7321,-9.5927
13.131,12.362,-9.4797
2.947,12.516,-6.7617
12.755,3.4802,-7.0587
12.009,9.8343,-14.034
12.773,3.7072,-12.744
6.4316,10.169,-13.193
9.8144,6.6926,-13.409
3.2143,13.317,-12.104
9.5973,13.463,-12.942
12.606,13.899,-2.7585
13.263,1.1842,-2.8605
12.661,7.4661,3.4605
6.7904,12.994,3.4455
7.5498,7.7334,3.5845
13.131,12.363,3.6975
12.225,5.8907,-3.3105
5.1421,12.706,-3.1025
9.331,6.3284,-6.0375
2.9465,12.518,6.4155
9.2744,12.991,-5.8235
12.755,3.4816,6.1185
6.0352,9.5676,-6.0625
12.008,9.8356,-0.85646
11.616,9.7585,-5.7315
12.772,3.7085,0.43354
6.4312,10.17,-0.015461
9.814,6.6939,-0.23146
3.2138,13.318,1.0735
9.5969,13.464,0.23554
12.605,13.901,10.419
13.263,1.1855,10.317
12.225,5.892,9.8668
5.1417,12.708,10.075
9.3306,6.3297,7.1398
9.274,12.992,7.3538
6.0348,9.5689,7.1148
12.008,9.8369,12.321
11.615,9.7599,7.4458
12.772,3.7099,13.611
6.4307,10.171,13.162
9.8135,6.6953,12.946
3.2134,13.319,14.251
9.5964,13.466,13.413
0.66083,13.788,-2.8624
0.66039,13.789,10.315
0,0,0
0.12869,-5.9157,0.472
-0.19092,-0.16405,-6.221
-6.3696,0.53599,0.414
6.4495,0.42356,0.678
0.16193,6.4849,0.434
-0.19135,-0.16273,6.9562
6.0783,0.15415,-5.863
6.2544,-5.8174,0.298
-0.28496,-5.8499,-6.398
-6.405,-5.8492,0.981
-6.4644,0.2192,-5.894
0.12092,6.3873,-6.254
-0.2854,-5.8486,6.7792
-6.348,6.7865,0.2961
6.2692,6.8233,0.98054
0.12048,6.3886,6.9232
6.0779,0.15547,7.3142
-6.4648,0.22052,7.2832
6.1221,-6.067,-6.349
6.0656,6.5492,-5.934
-6.6086,-6.1233,-5.9335
6.1217,-6.0657,6.8282
-6.4803,6.5369,-6.3509
-6.4807,6.5382,6.8263
6.0651,6.5505,7.2432
-6.6091,-6.122,7.2437
-0.055861,-12.208,0.853
12.618,0.46434,0.85254
-12.658,0.39565,0.8511
0.015947,13.068,0.85064
-0.00043346,0.0013159,13.177
0.00043346,-0.0013159,-13.177
0.11102,-11.89,-5.908
6.2328,-12.068,0.4159
-6.2247,-12.249,0.67846
-12.491,0.71385,-5.9099
0.11058,-11.889,7.2692
-12.512,-6.1877,0.43446
0.12913,-5.917,-12.705
6.45,0.42224,-12.499
12.785,0.78253,-5.9085
-12.474,6.6882,0.4701
12.764,-6.119,0.4359
-6.3692,0.53467,-12.763
0.16236,6.4836,-12.743
-6.1529,13.027,0.6761
-12.492,0.71516,7.2673
12.803,6.7569,0.47154
0.18282,13.386,-5.9104
6.3046,13.209,0.41354
12.785,0.78385,7.2688
0.12826,-5.9143,13.649
-6.4045,-5.8505,-12.196
-6.3701,0.5373,13.591
6.138,-12.385,-5.8921
0.16149,6.4862,13.611
0.18239,13.388,7.2669
6.4491,0.42487,13.855
-6.5959,-12.518,-5.8625
6.2697,6.822,-12.197
-12.553,-6.2852,-6.2535
6.2548,-5.8187,-12.879
6.2098,12.892,-5.8945
12.723,-6.2166,-6.2521
-6.5241,12.758,-5.8649
12.389,6.8226,-6.3985
6.1376,-12.383,7.2851
-12.554,-6.2839,6.9237
12.389,6.824,6.7788
12.723,-6.2152,6.9251
-6.3476,6.7852,-12.881
-12.887,6.754,-6.3999
-6.5964,-12.517,7.3147
6.2539,-5.8161,13.475
-12.888,6.7553,6.7773
6.2094,12.893,7.2828
-6.5245,12.759,7.3123
-6.3485,6.7878,13.473
-6.4054,-5.8479,14.158
6.2688,6.8247,14.158
-0.055428,-12.21,-12.324
12.619,0.46302,-12.325
-12.658,0.39433,-12.326
12.602,-12.604,0.001903
-12.602,12.604,-0.001903
-12.674,-12.673,0.000461
12.674,12.673,-0.000461
0.01638,13.067,-12.327
-6.2243,-12.25,-12.499
-0.056295,-12.207,14.03
6.2332,-12.069,-12.761
12.483,12.508,-6.2215
12.411,-12.768,-6.2191
12.618,0.46565,14.03
-12.793,12.44,-6.2229
-12.659,0.39696,14.028
-12.512,-6.189,-12.743
12.483,12.51,6.9558
-12.473,6.6869,-12.707
12.765,-6.1203,-12.741
-6.1524,13.026,-12.501
12.411,-12.767,6.9581
-12.794,12.441,6.9543
0.015513,13.069,14.028
-12.865,-12.837,-6.2205
6.2324,-12.067,13.593
12.803,6.7556,-12.706
6.305,13.207,-12.764
-12.866,-12.835,6.9567
-12.513,-6.1863,13.612
-6.2251,-12.248,13.856
12.764,-6.1177,13.613
-12.474,6.6895,13.647
12.802,6.7582,13.649
6.3042,13.21,13.591
-6.1533,13.029,13.853
12.603,-12.605,-13.175
-12.603,12.605,13.175
-12.602,12.603,-13.179
12.602,-12.603,13.179
-12.675,-12.671,13.178
12.675,12.671,-13.178
-12.674,-12.674,-13.177
12.674,12.674,13.177
