-3.086,-9.0587,-9.0055
-3.086,-9.0587,2.8302
-3.8458,-8.5902,-3.7537
-8.7645,-2.8386,-3.7497
-9.2686,-2.7644,-9.6487
-8.541,-9.4713,-3.4957
-8.7701,-9.1814,-9.3207
-3.8458,-8.5902,8.0819
-8.7645,-2.8386,8.0859
-9.2686,-2.7644,2.1869
-8.541,-9.4713,8.3399
-8.7701,-9.1814,2.5149
8.1427,-8.9615,-2.9764
2.616,-3.2326,-9.4144
8.1653,-8.369,-8.7484
8.4461,2.4038,-8.7684
8.7409,-2.6075,-3.1414
2.4279,-8.4255,-9.4964
7.9871,-3.4362,-9.3744
8.1427,-8.9615,8.8592
2.616,-3.2326,2.4212
8.1653,-8.369,3.0872
8.4461,2.4038,3.0672
1.7179,-8.6278,-2.8428
8.7409,-2.6075,8.6942
2.4279,-8.4255,2.3392
7.9871,-3.4362,2.4612
1.7179,-8.6278,8.9929
2.2995,-2.95,-3.4877
-3.3545,2.5357,-3.2127
7.6863,2.8723,-3.5167
2.7676,8.6239,-3.5127
-8.8813,8.2647,-9.6507
-3.3319,3.1282,-8.9847
2.2634,8.6981,-9.4117
-3.281,-3.025,-3.2647
2.9911,1.9912,-3.2587
-2.7563,8.8897,-3.3777
-3.9138,-3.2449,-9.0087
-9.0694,3.0717,-9.7327
2.762,2.2811,-9.0837
-3.5101,8.061,-9.6107
2.2995,-2.95,8.348
-3.3545,2.5357,8.623
7.6863,2.8723,8.319
2.7676,8.6239,8.323
-8.8813,8.2647,2.185
-3.3319,3.1282,2.851
2.2634,8.6981,2.424
-3.281,-3.025,8.571
-9.7793,2.8694,-3.079
2.9911,1.9912,8.577
-2.7563,8.8897,8.458
-3.9138,-3.2449,2.827
-9.0694,3.0717,2.103
2.762,2.2811,2.752
-3.5101,8.061,2.225
-9.7793,2.8694,8.7567
-9.1977,8.5472,-3.7239
-9.1977,8.5472,8.1118
8.2511,8.4375,-3.0276
7.6182,8.2176,-8.7716
8.2511,8.4375,8.8081
7.6182,8.2176,3.0641
-8.7991,-8.0323,-3.8607
-9.432,-7.9213,-8.9427
-8.7991,-8.0323,7.9749
-9.432,-7.9213,2.8929
-1.7929,-8.4333,-9.2534
8.7544,-9.7443,-8.8374
3.0225,-9.7386,-2.9914
7.6138,-3.5819,-3.0004
3.3952,-8.5118,-8.3474
9.098,-3.0918,-8.4334
8.5861,-8.9439,-1.6958
3.1781,-3.2149,-2.4938
-1.7929,-8.4333,2.5822
8.7544,-9.7443,2.9982
3.0225,-9.7386,8.8442
7.6138,-3.5819,8.8352
3.3952,-8.5118,3.4882
9.098,-3.0918,3.4022
8.5861,-8.9439,10.14
3.1781,-3.2149,9.3419
-8.177,-2.745,-8.3767
-2.7429,1.7529,-9.0737
2.9918,-2.6297,-8.3047
-8.4747,1.7586,-3.2277
2.733,3.4302,-3.6237
-3.8834,7.9154,-3.2367
-2.7153,-2.9387,-8.1367
-8.102,2.9854,-8.5837
2.1001,3.5412,-8.7057
-2.3992,8.4054,-8.6697
-8.1148,-3.4281,-2.498
-3.1544,-8.5044,-2.395
-2.9112,2.5534,-1.932
-8.3191,8.2823,-2.73
-8.177,-2.745,3.459
-2.7429,1.7529,2.762
2.9918,-2.6297,3.531
-2.1715,-2.8419,-3.039
-8.4747,1.7586,8.608
2.733,3.4302,8.212
-3.8834,7.9154,8.599
-2.7153,-2.9387,3.699
-8.102,2.9854,3.252
2.1001,3.5412,3.13
-2.3992,8.4054,3.166
-8.1148,-3.4281,9.3377
-3.1544,-8.5044,9.4407
-2.9112,2.5534,9.9037
-8.3191,8.2823,9.1057
-2.1715,-2.8419,8.7967
-8.5055,8.8675,-8.5409
-8.5055,8.8675,3.2948
9.7392,3.0292,-9.0164
9.7392,3.0292,2.8193
3.3551,8.7175,-8.1396
8.8168,8.5237,-7.8996
3.4173,8.0344,-2.2609
8.3777,2.9581,-2.1579
3.3551,8.7175,3.6961
9.3605,8.6206,-2.8019
8.8168,8.5237,3.9361
3.4173,8.0344,9.5747
8.3777,2.9581,9.6777
9.3605,8.6206,9.0337
-5.9597,-12.351,-8.8915
-0.84661,-11.923,-9.5315
-3.2925,-11.466,-12.973
-3.1002,-12.174,-6.4055
-5.9597,-12.351,2.9442
-0.84661,-11.923,2.3042
-3.2925,-11.466,-1.1378
-3.1002,-12.174,5.4302
-3.2925,-11.466,10.698
-11.935,-5.5398,-9.2047
-11.524,-6.763,-3.3877
-11.832,-11.97,-9.3707
-6.7775,-5.4888,-9.2127
-12.344,-0.42596,-9.7677
-12.376,-11.262,-3.5847
-6.0824,-5.9676,-3.5997
-11.65,-8.8992,-11.333
-11.82,-8.581,-6.9597
-5.8208,-8.7111,-12.223
-11.841,-3.3838,-12.698
-5.8943,-8.7946,-6.6787
-11.235,-2.7707,-6.5077
-8.9822,-11.653,-11.91
-8.8026,-11.71,-6.3597
-8.9426,-6.046,-12.126
-8.7708,-5.9548,-6.4077
-11.935,-5.5398,2.6309
-6.6014,-11.77,-3.0451
-11.524,-6.763,8.4479
-11.832,-11.97,2.4649
-6.7775,-5.4888,2.6229
-12.344,-0.42596,2.0679
-12.376,-11.262,8.2509
-6.0824,-5.9676,8.2359
-11.65,-8.8992,0.50294
-11.82,-8.581,4.8759
-5.8208,-8.7111,-0.38706
-11.841,-3.3838,-0.86206
-5.8943,-8.7946,5.1569
-11.235,-2.7707,5.3279
-8.9822,-11.653,-0.074058
-8.8026,-11.71,5.4759
-8.9426,-6.046,-0.29006
-8.7708,-5.9548,5.4279
-6.6014,-11.77,8.7906
-11.65,-8.8992,12.339
-5.8208,-8.7111,11.449
-11.841,-3.3838,10.974
-8.9822,-11.653,11.762
-8.9426,-6.046,11.546
5.0958,-11.61,-8.3884
5.5724,-0.8885,-8.6544
11.094,-5.5745,-8.7314
11.506,-6.7978,-2.9144
11.197,-12.005,-8.8974
5.3164,-5.7675,-8.9914
10.685,-0.4607,-9.2944
10.653,-11.296,-3.1114
5.0689,-6.3714,-2.9334
-0.10711,-11.315,-3.2654
-0.48117,-8.8017,-11.971
11.379,-8.934,-10.859
5.7195,-3.048,-12.23
-0.078118,-8.6914,-6.4464
11.209,-8.6158,-6.4864
5.2528,-3.0706,-4.9674
4.7712,-8.8682,-12.37
11.188,-3.4185,-12.224
5.7944,-8.6624,-5.6764
11.794,-2.8055,-6.0344
2.4533,-11.917,-11.985
8.2551,-6.1168,-12.069
2.6817,-11.434,-5.6344
8.5337,-5.182,-6.0524
7.9815,-11.26,-11.481
2.5304,-5.3489,-12.026
8.2396,-0.0031997,-12.736
8.492,-11.818,-6.0474
2.8401,-6.0193,-6.4324
8.4319,-0.71172,-6.1684
5.0958,-11.61,3.4472
5.5724,-0.8885,3.1812
11.094,-5.5745,3.1042
5.1962,-12.075,-2.6328
11.506,-6.7978,8.9212
11.197,-12.005,2.9382
5.3164,-5.7675,2.8442
10.685,-0.4607,2.5412
10.653,-11.296,8.7242
5.0689,-6.3714,8.9022
-0.10711,-11.315,8.5702
-0.48117,-8.8017,-0.13576
11.379,-8.934,0.97624
5.7195,-3.048,-0.39476
-0.078118,-8.6914,5.3892
11.209,-8.6158,5.3492
5.2528,-3.0706,6.8682
4.7712,-8.8682,-0.53476
11.188,-3.4185,-0.38876
5.7944,-8.6624,6.1592
11.794,-2.8055,5.8012
2.4533,-11.917,-0.14976
8.2551,-6.1168,-0.23376
2.6817,-11.434,6.2012
8.5337,-5.182,5.7832
7.9815,-11.26,0.35424
2.5304,-5.3489,-0.19076
8.2396,-0.0031997,-0.90076
8.492,-11.818,5.7882
2.8401,-6.0193,5.4032
8.4319,-0.71172,5.6672
5.1962,-12.075,9.2029
-0.48117,-8.8017,11.7
11.379,-8.934,12.812
5.7195,-3.048,11.441
4.7712,-8.8682,11.301
11.188,-3.4185,11.447
2.4533,-11.917,11.686
8.2551,-6.1168,11.602
7.9815,-11.26,12.19
2.5304,-5.3489,11.645
8.2396,-0.0031997,10.935
-0.50841,-5.5331,-8.8577
-6.4014,-0.11243,-8.6247
-5.9248,10.609,-8.8907
-0.40305,5.9227,-8.9677
-0.53316,-5.9751,-3.2327
0.0084853,4.6994,-3.1507
-0.29981,-0.5077,-9.1337
-6.1808,5.7297,-9.2277
4.7546,5.9736,-8.9757
-0.81176,11.037,-9.5307
-0.84429,0.20082,-3.3477
-6.4283,5.1258,-3.1697
5.4497,5.4949,-3.3627
-11.604,0.18173,-3.5017
-6.0974,-2.9536,-11.919
-11.978,2.6955,-12.208
-0.11809,2.5633,-11.096
-5.7778,8.4492,-12.467
-6.3201,-2.8666,-5.7637
-11.575,2.8058,-6.6827
-0.28779,2.8815,-6.7227
-6.2445,8.4266,-5.2037
-0.38891,-3.2852,-12.305
-6.726,2.629,-12.607
5.7113,2.7514,-11.986
-0.30901,8.0787,-12.461
0.03677,-2.7577,-5.9877
-5.7028,2.8348,-5.9127
5.6378,2.6679,-6.4417
0.29698,8.6918,-6.2707
-3.0144,-6.2388,-11.897
-9.0439,-0.42002,-12.222
2.5498,-0.19092,-11.673
-3.2421,5.3804,-12.306
-3.1565,-5.4956,-6.1517
-8.8155,0.062933,-5.8707
2.7294,-0.24749,-6.1227
-2.9635,6.3152,-6.2887
-3.5157,0.23759,-11.718
-8.9668,6.1483,-12.263
2.5894,5.4164,-11.889
-3.2576,11.494,-12.973
-3.0052,-0.32103,-6.2837
-8.6571,5.478,-6.6687
2.7613,5.5077,-6.1707
-3.0653,10.785,-6.4047
-0.50841,-5.5331,2.978
-6.4014,-0.11243,3.211
-5.9248,10.609,2.945
-0.40305,5.9227,2.868
-0.53316,-5.9751,8.603
-6.301,-0.57771,-2.869
4.9307,-0.30759,-2.808
0.0084853,4.6994,8.685
-0.29981,-0.5077,2.702
-6.1808,5.7297,2.608
4.7546,5.9736,2.86
-0.81176,11.037,2.305
-0.84429,0.20082,8.488
-6.4283,5.1258,8.666
5.4497,5.4949,8.473
-11.604,0.18173,8.334
-6.0974,-2.9536,-0.083
-11.978,2.6955,-0.372
-0.11809,2.5633,0.74
-5.7778,8.4492,-0.631
-6.3201,-2.8666,6.072
-11.575,2.8058,5.153
-0.28779,2.8815,5.113
-6.2445,8.4266,6.632
-0.38891,-3.2852,-0.469
-6.726,2.629,-0.771
5.7113,2.7514,-0.15
-0.30901,8.0787,-0.625
0.03677,-2.7577,5.848
-5.7028,2.8348,5.923
5.6378,2.6679,5.394
0.29698,8.6918,5.565
-3.0144,-6.2388,-0.061
-9.0439,-0.42002,-0.386
2.5498,-0.19092,0.163
-3.2421,5.3804,-0.47
-3.1565,-5.4956,5.684
-8.8155,0.062933,5.965
2.7294,-0.24749,5.713
-2.9635,6.3152,5.547
-3.5157,0.23759,0.118
-8.9668,6.1483,-0.427
2.5894,5.4164,-0.053
-3.2576,11.494,-1.137
-3.0052,-0.32103,5.552
-8.6571,5.478,5.167
2.7613,5.5077,5.665
-3.0653,10.785,5.431
-6.301,-0.57771,8.9667
4.9307,-0.30759,9.0277
-6.0974,-2.9536,11.753
-11.978,2.6955,11.464
-0.11809,2.5633,12.576
-5.7778,8.4492,11.205
-0.38891,-3.2852,11.367
-6.726,2.629,11.065
5.7113,2.7514,11.686
-0.30901,8.0787,11.211
-3.0144,-6.2388,11.775
-9.0439,-0.42002,11.45
2.5498,-0.19092,11.999
-3.2421,5.3804,11.366
-3.5157,0.23759,11.954
-8.9668,6.1483,11.409
2.5894,5.4164,11.783
-3.2576,11.494,10.699
-12.006,5.9641,-9.0939
-12.03,5.5222,-3.4689
-11.797,10.99,-9.3699
-12.342,11.698,-3.5839
-11.886,8.212,-12.541
-11.46,8.7395,-6.2239
-8.9474,11.306,-11.909
-8.7678,11.25,-6.3589
-12.006,5.9641,2.7418
-12.03,5.5222,8.3668
-6.5666,11.19,-3.0442
-11.797,10.99,2.4658
-12.342,11.698,8.2518
-11.886,8.212,-0.70524
-11.46,8.7395,5.6118
-8.9474,11.306,-0.073238
-8.7678,11.25,5.4768
-6.5666,11.19,8.7914
-11.886,8.212,11.13
-8.9474,11.306,11.762
11.425,0.14698,-3.0284
11.051,2.6607,-11.734
11.454,2.7711,-6.2094
11.425,0.14698,8.8073
11.051,2.6607,0.1013
11.454,2.7711,5.6263
11.051,2.6607,11.937
11.024,5.9294,-8.6206
5.1306,11.35,-8.3876
10.999,5.4874,-2.9956
11.232,10.955,-8.8966
10.688,11.663,-3.1106
-0.072261,11.644,-3.2646
5.4347,8.5089,-11.682
5.2119,8.5959,-5.5266
11.143,8.1773,-12.068
11.569,8.7048,-5.7506
8.5177,5.2237,-11.66
2.4882,11.042,-11.985
8.3755,5.9668,-5.9146
2.7166,11.525,-5.6336
8.0163,11.7,-11.481
8.5269,11.141,-6.0466
11.024,5.9294,3.2151
5.1306,11.35,3.4481
10.999,5.4874,8.8401
5.231,10.885,-2.6319
11.232,10.955,2.9391
10.688,11.663,8.7251
-0.072261,11.644,8.5711
5.4347,8.5089,0.15406
5.2119,8.5959,6.3091
11.143,8.1773,-0.23194
11.569,8.7048,6.0851
8.5177,5.2237,0.17606
2.4882,11.042,-0.14894
8.3755,5.9668,5.9211
2.7166,11.525,6.2021
8.0163,11.7,0.35506
8.5269,11.141,5.7891
5.231,10.885,9.2037
5.4347,8.5089,11.99
11.143,8.1773,11.604
8.5177,5.2237,12.012
2.4882,11.042,11.687
8.0163,11.7,12.191
0,0,0
-0.36628,5.5098,-0.295
5.5911,0.0077782,-0.238
-0.10819,-0.068589,5.67
-0.25809,-5.9432,-0.518
-0.10819,-0.068589,-6.1657
-6.2855,-0.02192,0.143
5.5211,-0.14708,5.576
5.4115,5.7184,0.278
5.2952,-5.892,0.021238
-0.1888,5.8202,5.675
-0.18526,-5.8534,5.711
-6.0069,-0.13364,-5.5777
5.5211,-0.14708,-6.2597
-6.202,5.6052,-0.215
-6.1206,-5.7441,0.040942
-0.18526,-5.8534,-6.1247
-0.1888,5.8202,-6.1607
-6.0069,-0.13364,6.258
5.5158,-5.8863,-5.5024
5.5013,5.7148,5.748
-6.0308,-5.7476,5.5109
5.5013,5.7148,-6.0877
-5.9814,5.6109,-5.7387
-5.9814,5.6109,6.097
5.5158,-5.8863,6.3332
-6.0308,-5.7476,-6.3247
11.021,-0.2323,-0.19276
-0.47588,11.265,-0.429
-0.51073,-11.695,-0.42982
0,0,-11.836
0,0,11.836
-12.008,-0.19756,-0.66606
11.274,5.5192,-0.28094
5.2466,11.441,0.38006
11.131,-5.9874,-0.058762
5.2117,-11.519,0.37924
11.266,-0.093709,5.7552
-0.23122,11.404,5.519
-0.25809,-5.9432,11.318
-0.36628,5.5098,11.541
11.266,-0.093709,-6.0804
-0.26607,-11.556,5.5182
5.5911,0.0077782,11.598
-11.763,-0.058967,5.2819
-5.941,-11.455,-0.47506
-5.9061,11.505,-0.47424
-11.755,5.554,-0.75424
-0.23122,11.404,-6.3167
-0.26607,-11.556,-6.3175
-6.2855,-0.02192,-11.693
5.5911,0.0077782,-12.074
-11.898,-5.9527,-0.53206
-0.36628,5.5098,-12.131
-11.763,-0.058967,-6.5537
-6.2855,-0.02192,11.979
5.5252,11.329,-5.3406
-0.25809,-5.9432,-12.354
-5.9761,11.35,5.3398
5.4903,-11.631,-5.3414
11.347,5.609,-5.8876
11.308,-5.677,5.9112
11.308,-5.677,-5.9244
5.4115,5.7184,-11.558
11.347,5.609,5.9481
-11.682,5.6438,5.4748
-11.721,-5.6423,5.4379
-6.011,-11.61,5.3389
5.5252,11.329,6.4951
5.2952,-5.892,-11.814
5.2952,-5.892,11.857
-6.202,5.6052,11.621
-5.9761,11.35,-6.4959
5.4903,-11.631,6.4942
5.4115,5.7184,12.114
-11.682,5.6438,-6.3609
-6.1206,-5.7441,-11.795
-11.721,-5.6423,-6.3977
-6.1206,-5.7441,11.877
-6.011,-11.61,-6.4967
-6.202,5.6052,-12.051
11.021,-0.2323,11.643
-0.47588,11.265,11.407
11.497,-11.497,0.23624
-11.497,11.497,-0.23624
-11.532,-11.462,-0.23706
11.532,11.462,0.23706
11.021,-0.2323,-12.028
-0.51073,-11.695,11.406
-12.008,-0.19756,11.17
-0.47588,11.265,-12.265
-0.51073,-11.695,-12.265
5.2466,11.441,-11.456
11.274,5.5192,11.555
5.2117,-11.519,-11.456
-11.755,5.554,11.081
-11.605,11.429,5.4338
11.424,11.394,5.9071
11.424,11.394,-5.9286
-5.941,-11.455,11.361
-5.9061,11.505,11.361
-11.64,-11.531,5.4329
11.389,-11.566,5.9062
11.131,-5.9874,11.777
11.389,-11.566,-5.9294
-12.008,-0.19756,-12.502
11.131,-5.9874,-11.894
11.274,5.5192,-12.117
-11.898,-5.9527,11.304
-11.605,11.429,-6.4019
5.2466,11.441,12.216
5.2117,-11.519,12.215
-11.64,-11.531,-6.4027
-5.941,-11.455,-12.311
-5.9061,11.505,-12.31
-11.755,5.554,-12.59
-11.898,-5.9527,-12.368
-11.532,-11.462,11.599
11.532,11.462,-11.599
11.497,-11.497,-11.599
-11.497,11.497,11.599
11.497,-11.497,12.072
-11.497,11.497,-12.072
-11.532,-11.462,-12.073
11.532,11.462,12.073
