-9.7062,-9.6185,-8.4652
-9.7062,-9.6185,3.103
-8.9411,7.5325,-8.8752
-8.8155,1.5252,-9.1752
-3.4804,-3.7576,-8.6302
-3.0342,7.7633,-8.2842
2.3702,2.4579,-8.4652
-9.558,-3.6791,-8.5322
-3.9471,-9.1259,-8.7062
-3.3149,2.1581,-8.7482
1.8958,-3.3043,-8.8752
2.0213,-9.3116,-9.1752
7.8026,-3.0735,-8.2842
7.5219,-8.6787,-8.7482
-8.0402,2.9689,-2.796
-7.6372,8.5154,-2.852
-8.9411,7.5325,2.693
-8.8155,1.5252,2.393
-3.4804,-3.7576,2.938
-3.0342,7.7633,3.284
2.3702,2.4579,3.103
-8.4775,-8.3983,-2.639
-2.6262,-2.3377,-3.006
2.7966,-7.868,-2.796
-8.4245,-2.9812,-3.137
-2.9366,-8.4916,-2.727
-2.2217,3.1933,-2.863
3.1997,-2.3214,-2.852
-9.558,-3.6791,3.036
-3.9471,-9.1259,2.862
-3.3149,2.1581,2.82
1.8958,-3.3043,2.693
2.0213,-9.3116,2.393
7.8026,-3.0735,3.284
8.6151,-7.6435,-2.863
7.5219,-8.6787,2.82
-8.0402,2.9689,8.7722
-7.6372,8.5154,8.7162
-8.4775,-8.3983,8.9292
-2.6262,-2.3377,8.5622
2.7966,-7.868,8.7722
-8.4245,-2.9812,8.4312
-2.9366,-8.4916,8.8412
-2.2217,3.1933,8.7052
3.1997,-2.3214,8.7162
8.6151,-7.6435,8.7052
8.596,8.3188,-8.6302
2.5184,8.3973,-8.5322
8.1293,2.9505,-8.7062
-2.093,9.2795,-2.834
8.596,8.3188,2.938
3.5989,3.6781,-2.639
8.7438,-1.5573,-2.834
9.4502,9.7387,-3.006
3.6519,9.0953,-3.137
9.1398,3.5848,-2.727
2.5184,8.3973,3.036
8.1293,2.9505,2.862
-2.093,9.2795,8.7342
3.5989,3.6781,8.9292
8.7438,-1.5573,8.7342
9.4502,9.7387,8.5622
3.6519,9.0953,8.4312
9.1398,3.5848,8.8412
-9.0387,-9.7415,-2.945
-9.0387,-9.7415,8.6232
-8.5797,2.8649,-8.5332
-7.5848,8.1534,-8.7722
-8.9435,-8.3453,-8.4172
-2.8412,-2.4027,-8.6372
2.2571,-7.9719,-8.5332
-8.102,-3.3404,-8.6952
-2.5816,-8.5312,-8.6812
-2.0216,2.8815,-8.5062
3.252,-2.6835,-8.7722
8.8152,-7.9554,-8.5062
-8.5797,2.8649,3.035
-7.5848,8.1534,2.796
-8.9877,7.9031,-2.65
-8.4718,1.5606,-3.061
-3.1777,-3.7194,-2.805
-2.6686,7.9125,-2.737
3.0377,2.3349,-2.945
-8.9435,-8.3453,3.151
-2.8412,-2.4027,2.931
2.2571,-7.9719,3.035
-8.102,-3.3404,2.873
-2.5816,-8.5312,2.887
-2.0216,2.8815,3.062
3.252,-2.6835,2.796
-9.5049,-3.9612,-2.813
-4.1741,-9.2143,-3.126
-3.5186,2.4621,-3.07
1.8491,-2.9338,-2.65
2.365,-9.2763,-3.061
8.1682,-2.9243,-2.737
8.8152,-7.9554,3.062
7.3183,-8.3747,-3.07
-8.9877,7.9031,8.9182
-8.4718,1.5606,8.5072
-3.1777,-3.7194,8.7632
-2.6686,7.9125,8.8312
3.0377,2.3349,8.6232
-9.5049,-3.9612,8.7552
-4.1741,-9.2143,8.4422
-3.5186,2.4621,8.4982
1.8491,-2.9338,8.9182
2.365,-9.2763,8.5072
8.1682,-2.9243,8.8312
7.3183,-8.3747,8.4982
-2.3193,8.9868,-8.7562
3.1329,3.7311,-8.4172
8.5175,-1.8501,-8.7562
9.2352,9.6737,-8.6372
3.9744,8.736,-8.6952
9.4947,3.5452,-8.6812
-2.3193,8.9868,2.812
8.8987,8.357,-2.805
3.1329,3.7311,3.151
8.5175,-1.8501,2.812
9.2352,9.6737,2.931
3.9744,8.736,2.873
9.4947,3.5452,2.887
2.5715,8.1152,-2.813
7.9023,2.8621,-3.126
8.8987,8.357,8.7632
2.5715,8.1152,8.7552
7.9023,2.8621,8.4422
-11.465,-12.316,-8.5402
-12.313,-6.1643,-8.7712
-6.9782,-11.509,-8.3272
-11.529,-9.2734,-5.8782
-11.523,-9.3781,-11.131
-9.2381,-12.581,-11.63
-12.911,-11.564,-2.694
-11.465,-12.316,3.028
-12.313,-6.1643,2.797
-6.9782,-11.509,3.241
-11.643,-7.1217,-2.933
-6.4061,-12.371,-2.555
-11.529,-9.2734,5.69
-9.4735,-12.439,-5.438
-11.523,-9.3781,0.437
-9.2381,-12.581,-0.062
-12.911,-11.564,8.8742
-11.643,-7.1217,8.6352
-6.4061,-12.371,9.0132
-9.4735,-12.439,6.1302
-11.523,-9.3781,12.005
-9.2381,-12.581,11.506
-10.225,10.597,-8.5402
-5.7386,11.404,-8.3272
-11.562,5.5731,-8.5822
-11.409,2.1571,-5.9732
-5.0124,8.2623,-5.9232
-8.5168,5.547,-6.1962
-10.828,2.1437,-11.511
-4.7684,8.2432,-11.142
-11.663,8.0466,-11.812
-7.9985,10.332,-11.63
-8.4737,5.9125,-11.331
-11.295,-0.70074,-8.6832
-5.7007,-6.4234,-8.7512
-4.9066,4.9787,-8.6242
0.61165,-0.23971,-8.5402
-0.23688,5.9121,-8.7712
5.0982,0.5671,-8.3272
-6.0429,-0.55579,-8.9012
-0.72549,-5.2637,-8.5822
-5.5154,-3.0462,-6.2122
-0.57205,-8.6797,-5.9732
0.5473,2.803,-5.8782
5.8244,-2.5746,-5.9232
-9.0807,-5.5084,-6.1152
-3.8714,-11.183,-6.2432
-3.1318,0.12374,-6.3452
2.32,-5.2899,-6.1962
-5.3761,-3.3383,-11.435
0.0084853,-8.6932,-11.511
0.55296,2.6983,-11.131
6.0684,-2.5937,-11.142
-12.478,-3.6126,-11.798
-6.7288,-8.8798,-11.775
-6.248,2.6488,-11.705
-0.8259,-2.7902,-11.812
-8.672,-1.1611,-12.042
-3.2152,-6.359,-11.797
-2.786,4.8649,-11.564
2.8383,-0.50487,-11.63
-9.2525,-5.6675,-11.093
-3.5978,-11.041,-11.283
-2.9105,0.28426,-11.518
2.3632,-4.9243,-11.331
-0.4578,-11.538,-8.6832
5.9302,-5.8581,-8.6242
11.448,-11.077,-8.5402
10.6,-4.9247,-8.7712
4.7939,-11.393,-8.9012
11.384,-8.0339,-5.8782
7.705,-10.713,-6.3452
11.39,-8.1385,-11.131
4.5888,-8.188,-11.705
2.1649,-11.998,-12.042
8.0508,-5.9719,-11.564
7.9264,-10.553,-11.518
-11.703,0.035782,-2.854
-11.671,11.349,-2.694
-6.0851,5.699,-2.822
-10.225,10.597,3.028
-5.7386,11.404,3.241
-11.562,5.5731,2.986
-10.784,4.6051,-2.78
-5.1665,10.542,-2.555
-11.623,7.9306,-5.49
-11.409,2.1571,5.595
-5.0124,8.2623,5.645
-8.5168,5.547,5.372
-8.234,10.474,-5.438
-10.828,2.1437,0.057
-4.7684,8.2432,0.426
-11.663,8.0466,-0.244
-7.9985,10.332,-0.062
-8.4737,5.9125,0.237
-6.2975,-5.4546,-3.103
-0.86621,-10.801,-2.854
-0.83439,0.51195,-2.694
4.7518,-5.1378,-2.822
-11.295,-0.70074,2.885
-5.7007,-6.4234,2.817
-4.9066,4.9787,2.944
0.61165,-0.23971,3.028
-0.23688,5.9121,2.797
5.0982,0.5671,3.241
-6.0429,-0.55579,2.667
-0.72549,-5.2637,2.986
-5.3528,-0.7467,-3.01
0.053033,-6.2317,-2.78
0.43346,4.9547,-2.933
5.6703,-0.29486,-2.555
-12.391,-3.561,-5.617
-6.7239,-8.824,-5.337
-6.0889,2.5831,-5.602
-0.7863,-2.9062,-5.49
-5.5154,-3.0462,5.356
-0.57205,-8.6797,5.595
0.5473,2.803,5.69
5.8244,-2.5746,5.645
-9.0807,-5.5084,5.453
-3.8714,-11.183,5.325
-3.1318,0.12374,5.223
2.32,-5.2899,5.372
-8.819,-1.0182,-5.704
-3.2951,-6.3583,-5.614
-2.8171,5.1039,-5.349
2.6029,-0.36275,-5.438
-5.3761,-3.3383,0.133
0.0084853,-8.6932,0.057
0.55296,2.6983,0.437
6.0684,-2.5937,0.426
-12.478,-3.6126,-0.23
-6.7288,-8.8798,-0.207
-6.248,2.6488,-0.137
-0.8259,-2.7902,-0.244
-8.672,-1.1611,-0.474
-3.2152,-6.359,-0.229
-2.786,4.8649,0.004
2.8383,-0.50487,-0.062
-9.2525,-5.6675,0.475
-3.5978,-11.041,0.285
-2.9105,0.28426,0.05
2.3632,-4.9243,0.237
10.002,-10.325,-2.694
-0.4578,-11.538,2.885
5.9302,-5.8581,2.944
11.448,-11.077,3.028
10.6,-4.9247,2.797
4.7939,-11.393,2.667
5.484,-11.584,-3.01
11.27,-5.8821,-2.933
4.7479,-8.2538,-5.602
11.384,-8.0339,5.69
7.705,-10.713,5.223
2.0178,-11.855,-5.704
8.0197,-5.7329,-5.349
11.39,-8.1385,0.437
4.5888,-8.188,-0.137
2.1649,-11.998,-0.474
8.0508,-5.9719,0.004
7.9264,-10.553,0.05
-11.703,0.035782,8.7142
-11.671,11.349,8.8742
-6.0851,5.699,8.7462
-10.784,4.6051,8.7882
-5.1665,10.542,9.0132
-11.623,7.9306,6.0782
-8.234,10.474,6.1302
-10.828,2.1437,11.625
-4.7684,8.2432,11.994
-11.663,8.0466,11.324
-7.9985,10.332,11.506
-8.4737,5.9125,11.805
-6.2975,-5.4546,8.4652
-0.86621,-10.801,8.7142
-0.83439,0.51195,8.8742
4.7518,-5.1378,8.7462
-5.3528,-0.7467,8.5582
0.053033,-6.2317,8.7882
0.43346,4.9547,8.6352
5.6703,-0.29486,9.0132
-12.391,-3.561,5.9512
-6.7239,-8.824,6.2312
-6.0889,2.5831,5.9662
-0.7863,-2.9062,6.0782
-8.819,-1.0182,5.8642
-3.2951,-6.3583,5.9542
-2.8171,5.1039,6.2192
2.6029,-0.36275,6.1302
-5.3761,-3.3383,11.701
0.0084853,-8.6932,11.625
0.55296,2.6983,12.005
6.0684,-2.5937,11.994
-12.478,-3.6126,11.338
-6.7288,-8.8798,11.361
-6.248,2.6488,11.431
-0.8259,-2.7902,11.324
-8.672,-1.1611,11.094
-3.2152,-6.359,11.339
-2.786,4.8649,11.572
2.8383,-0.50487,11.506
-9.2525,-5.6675,12.043
-3.5978,-11.041,11.853
-2.9105,0.28426,11.618
2.3632,-4.9243,11.805
10.002,-10.325,8.8742
5.484,-11.584,8.5582
11.27,-5.8821,8.6352
4.7479,-8.2538,5.9662
2.0178,-11.855,5.8642
8.0197,-5.7329,6.2192
11.39,-8.1385,12.005
4.5888,-8.188,11.431
2.1649,-11.998,11.094
8.0508,-5.9719,11.572
7.9264,-10.553,11.618
-2.6318,11.73,-6.2432
-2.3582,11.872,-11.283
0.78178,11.376,-8.6832
6.3757,5.6531,-8.7512
12.688,11.837,-8.5402
6.0335,11.521,-8.9012
11.351,6.8127,-8.5822
6.561,9.0302,-6.2122
11.504,3.3967,-5.9732
2.9957,6.5681,-6.1152
8.205,0.89352,-6.2432
8.9446,12.2,-6.3452
6.7003,8.7382,-11.435
12.085,3.3832,-11.511
-0.40192,8.4638,-11.798
5.3476,3.1966,-11.775
11.25,9.2862,-11.812
3.4044,10.915,-12.042
8.8612,5.7174,-11.797
2.8239,6.409,-11.093
8.4786,1.0356,-11.283
9.1659,12.361,-11.518
11.619,0.53883,-8.6832
10.435,-2.373,-11.798
0.37337,12.112,-2.854
-2.6318,11.73,5.325
-2.3582,11.872,0.285
5.7789,6.6218,-3.103
11.21,1.2754,-2.854
11.242,12.588,-2.694
0.78178,11.376,2.885
6.3757,5.6531,2.817
12.688,11.837,3.028
6.0335,11.521,2.667
11.351,6.8127,2.986
6.7236,11.33,-3.01
12.129,5.8447,-2.78
-0.31494,8.5154,-5.617
5.3525,3.2524,-5.337
11.29,9.1702,-5.49
6.561,9.0302,5.356
11.504,3.3967,5.595
2.9957,6.5681,5.453
8.205,0.89352,5.325
8.9446,12.2,5.223
3.2574,11.058,-5.704
8.7813,5.7181,-5.614
6.7003,8.7382,0.133
12.085,3.3832,0.057
-0.40192,8.4638,-0.23
5.3476,3.1966,-0.207
11.25,9.2862,-0.244
3.4044,10.915,-0.474
8.8612,5.7174,-0.229
2.8239,6.409,0.475
8.4786,1.0356,0.285
9.1659,12.361,0.05
11.619,0.53883,2.885
10.522,-2.3214,-5.617
10.435,-2.373,-0.23
0.37337,12.112,8.7142
-2.3582,11.872,11.853
5.7789,6.6218,8.4652
11.21,1.2754,8.7142
11.242,12.588,8.8742
6.7236,11.33,8.5582
12.129,5.8447,8.7882
-0.31494,8.5154,5.9512
5.3525,3.2524,6.2312
11.29,9.1702,6.0782
3.2574,11.058,5.8642
8.7813,5.7181,5.9542
6.7003,8.7382,11.701
12.085,3.3832,11.625
-0.40192,8.4638,11.338
5.3476,3.1966,11.361
11.25,9.2862,11.324
3.4044,10.915,11.094
8.8612,5.7174,11.339
2.8239,6.409,12.043
8.4786,1.0356,11.853
9.1659,12.361,11.618
10.522,-2.3214,5.9512
10.435,-2.373,11.338
0,0,0
5.5069,0.33093,0.38
-5.6045,-0.41154,-0.286
0.078489,5.6731,-0.107
-0.05869,0.055861,5.682
-0.60811,-5.6936,0.064
-0.05869,0.055861,-5.8862
5.3801,-5.4367,0.058
-5.4567,5.4002,0.058
5.5013,0.36911,-5.605
-0.46528,-5.7276,-5.629
-5.8591,-0.22345,5.514
5.5013,0.36911,5.9632
-0.022627,5.7969,5.69
-0.022627,5.7969,-5.8782
-0.46528,-5.7276,5.9392
5.6792,6.1049,0.173
-5.8591,-0.22345,-6.0542
-6.3972,-5.9715,0.173
5.234,-5.4108,5.783
5.234,-5.4108,-5.7852
-5.6028,5.4261,5.783
-5.6028,5.4261,-5.7852
-6.1377,-5.8577,5.709
-6.1377,-5.8577,-5.8592
5.9387,6.2187,5.709
5.9387,6.2187,-5.8592
11.364,0.66045,0.031
-0.71236,-11.416,0.031
0.52722,11.497,0.031
-11.549,-0.57912,0.031
5.0088e-16,-5.0088e-16,-11.568
-5.0088e-16,5.0088e-16,11.568
10.915,-5.1637,-0.107
-5.3299,11.168,0.38
5.2323,-11.248,-0.286
5.5069,0.33093,-11.188
-11.445,5.1432,0.064
-5.6045,-0.41154,11.282
0.078489,5.6731,11.461
-0.6565,-11.394,-5.7752
-0.6565,-11.394,5.793
11.42,0.68238,-5.7752
11.42,0.68238,5.793
-0.60811,-5.6936,-11.504
-11.493,-0.5572,-5.7752
-11.493,-0.5572,5.793
0.58308,11.519,-5.7752
0.58308,11.519,5.793
-0.60811,-5.6936,11.632
0.078489,5.6731,-11.675
-5.6045,-0.41154,-11.854
11.468,6.3828,0.064
5.5069,0.33093,11.948
10.814,-5.04,5.69
10.814,-5.04,-5.8782
4.9777,-11.06,5.514
6.4719,11.665,-0.286
-6.5694,-11.745,0.38
4.9777,-11.06,-6.0542
-11.998,-6.4033,-0.107
-5.3355,11.206,-5.605
-11.302,5.1093,-5.629
-11.302,5.1093,5.9392
-5.3355,11.206,5.9632
5.3801,-5.4367,-11.51
-5.4567,5.4002,-11.51
5.3801,-5.4367,11.626
-5.4567,5.4002,11.626
5.6792,6.1049,-11.395
-6.3972,-5.9715,-11.395
11.611,6.3488,-5.629
5.6792,6.1049,11.741
6.2173,11.853,5.514
11.611,6.3488,5.9392
-6.5751,-11.707,-5.605
-6.3972,-5.9715,11.741
6.2173,11.853,-6.0542
-6.5751,-11.707,5.9632
-12.099,-6.2796,5.69
-12.099,-6.2796,-5.8782
-10.837,10.837,-9.3842e-16
10.837,-10.837,9.3842e-16
11.364,0.66045,-11.537
-0.71236,-11.416,-11.537
11.364,0.66045,11.599
10.778,-10.781,5.682
-0.71236,-11.416,11.599
0.52722,11.497,-11.537
-11.549,-0.57912,-11.537
0.52722,11.497,11.599
10.778,-10.781,-5.8862
-11.549,-0.57912,11.599
-10.896,10.893,5.682
-10.896,10.893,-5.8862
10.915,-5.1637,11.461
-5.3299,11.168,-11.188
5.2323,-11.248,11.282
10.915,-5.1637,-11.675
-11.445,5.1432,-11.504
-12.076,-12.076,7.9602e-22
12.076,12.076,-7.9602e-22
-11.445,5.1432,11.632
5.2323,-11.248,-11.854
-5.3299,11.168,11.948
11.468,6.3828,-11.504
6.4719,11.665,11.282
-6.5694,-11.745,-11.188
11.468,6.3828,11.632
-11.998,-6.4033,11.461
6.4719,11.665,-11.854
-11.998,-6.4033,-11.675
-6.5694,-11.745,11.948
12.018,12.132,5.682
-12.135,-12.021,5.682
12.018,12.132,-5.8862
-12.135,-12.021,-5.8862
-10.837,10.837,-11.568
10.837,-10.837,-11.568
-10.837,10.837,11.568
10.837,-10.837,11.568
-12.076,-12.076,-11.568
-12.076,-12.076,11.568
12.076,12.076,-11.568
12.076,12.076,11.568
