-9.724,-8.3592,-8.2663
-9.724,-8.3592,3.781
-9.4998,-8.1535,-3.318
-3.2278,-9.4135,-1.79
-9.6851,-3.0142,-2.521
-9.4998,-8.1535,8.7293
-3.2278,-9.4135,10.257
-9.6851,-3.0142,9.5263
9.184,-9.2463,-9.5603
8.8948,-3.3554,-8.4773
9.184,-9.2463,2.487
8.8948,-3.3554,3.57
3.2083,-8.8255,-2.644
8.9069,-3.2924,-2.843
9.0589,-9.3644,-2.541
3.2083,-8.8255,9.4033
8.9069,-3.2924,9.2043
9.0589,-9.3644,9.5063
3.438,-3.1056,-8.8333
-2.8546,2.7924,-9.5603
-3.1063,-8.5539,-7.6763
-9.932,-2.168,-8.8653
-2.4261,-2.8122,-8.7103
3.2124,-8.4577,-8.4213
2.3342,3.6989,-8.2663
-3.1438,8.6833,-8.4773
3.438,-3.1056,3.214
-2.8546,2.7924,2.487
-3.1063,-8.5539,4.371
-9.932,-2.168,3.182
-2.4261,-2.8122,3.337
3.2124,-8.4577,3.626
2.3342,3.6989,3.781
-3.1438,8.6833,3.57
-8.8303,3.2131,-2.644
-2.7952,-2.873,-3.207
-3.1318,8.7462,-2.843
2.5583,3.9046,-3.318
8.8303,2.6446,-1.79
2.3731,9.0439,-2.521
2.5456,-3.0165,-2.322
-2.9797,2.6743,-2.541
-8.8303,3.2131,9.4033
-2.7952,-2.873,8.8403
-3.1318,8.7462,9.2043
2.5583,3.9046,8.7293
8.8303,2.6446,10.257
2.3731,9.0439,9.5263
2.5456,-3.0165,9.7253
-2.9797,2.6743,9.5063
-8.6007,8.933,-8.8333
-8.8262,3.5809,-8.4213
-8.6007,8.933,3.214
-8.8262,3.5809,3.626
-9.493,9.0221,-2.322
-9.493,9.0221,9.7253
8.9518,3.5043,-7.6763
2.1261,9.8901,-8.8653
9.632,9.246,-8.7103
8.9518,3.5043,4.371
2.1261,9.8901,3.182
9.632,9.246,3.337
9.2629,9.1851,-3.207
9.2629,9.1851,8.8403
-9.6009,-9.4595,-9.2923
-9.6009,-9.4595,2.755
-9.1816,-9.0317,-2.122
-3.2539,-9.0423,-3.218
-9.1816,-9.0317,9.9253
-3.2539,-9.0423,8.8293
8.8821,-8.2966,-8.4493
8.9387,-3.1984,-9.9413
8.8821,-8.2966,3.598
8.9387,-3.1984,2.106
9.1296,-8.0124,-3.151
9.1296,-8.0124,8.8963
-4.1719,-7.8362,-8.4403
-8.8947,-2.2521,-7.8173
2.4643,-2.1263,-8.2693
-3.1565,3.742,-8.4493
1.9028,-9.1889,-8.4343
-3.2583,-2.4367,-9.9013
-3.1,8.8402,-9.9413
2.4572,2.5986,-9.2923
-4.1719,-7.8362,3.607
-8.8947,-2.2521,4.23
2.4643,-2.1263,3.778
-3.1565,3.742,3.598
1.9028,-9.1889,3.613
-3.2583,-2.4367,2.146
-3.1,8.8402,2.106
2.4572,2.5986,2.755
2.4848,-8.9095,-1.348
-3.7498,-3.935,-2.73
7.7343,-2.3829,-2.637
2.8765,3.0264,-2.122
8.8042,3.0158,-3.218
-9.1125,-2.0754,-3.512
3.1014,-1.7946,-2.997
-2.909,4.0263,-3.151
2.4848,-8.9095,10.699
-3.7498,-3.935,9.3173
7.7343,-2.3829,9.4103
2.8765,3.0264,9.9253
8.8042,3.0158,8.8293
-9.1125,-2.0754,8.5353
3.1014,-1.7946,9.0503
-2.909,4.0263,8.8963
-9.5744,9.9124,-8.2693
-10.136,2.8498,-8.4343
-9.5744,9.9124,3.778
-10.136,2.8498,3.613
-9.5539,3.1291,-1.348
-4.3043,9.6557,-2.637
-8.9373,10.244,-2.997
-9.5539,3.1291,10.699
-4.3043,9.6557,9.4103
-8.9373,10.244,9.0503
7.8862,4.222,-8.4403
3.1634,9.806,-7.8173
8.7998,9.6214,-9.9013
7.8862,4.222,3.607
3.1634,9.806,4.23
8.7998,9.6214,2.146
8.3083,8.1231,-2.73
2.9456,9.9828,-3.512
8.3083,8.1231,9.3173
2.9456,9.9828,8.5353
-5.627,-12.552,-8.4933
-12.963,-6.0675,-8.8313
-0.91412,-11.744,-8.7223
-12.132,-11.495,-8.9193
-9.2071,-11.058,-6.0533
-9.6773,-5.5167,-6.3253
-6.0965,-8.8726,-10.671
-12.154,-2.8092,-11.72
-6.0392,-8.7955,-6.0063
-11.862,-8.9886,-11.737
-3.0524,-12.603,-12.082
-9.0317,-6.735,-11.556
-9.1215,-12.028,-11.755
-5.4962,-6.7421,-2.477
-11.753,-11.084,-2.73
-5.627,-12.552,3.554
-12.963,-6.0675,3.216
-0.91412,-11.744,3.325
-12.132,-11.495,3.128
-6.7796,-11.323,-2.673
-12.038,-5.8632,-2.858
-9.2071,-11.058,5.994
-3.3572,-12.033,-4.611
-9.6773,-5.5167,5.722
-13.044,-8.5608,-5.784
-6.0965,-8.8726,1.376
-12.154,-2.8092,0.327
-6.0392,-8.7955,6.041
-11.772,-2.7505,-5.609
-11.862,-8.9886,0.31
-3.0524,-12.603,-0.035
-9.0317,-6.735,0.491
-9.1215,-12.028,0.292
-5.4962,-6.7421,9.5703
-11.753,-11.084,9.3173
-6.7796,-11.323,9.3743
-12.038,-5.8632,9.1893
-3.3572,-12.033,7.4363
-13.044,-8.5608,6.2633
-6.0965,-8.8726,13.423
-12.154,-2.8092,12.374
-11.772,-2.7505,6.4383
-11.862,-8.9886,12.357
-3.0524,-12.603,12.012
-9.0317,-6.735,12.538
-9.1215,-12.028,12.339
-12.953,0.29447,-8.7223
-12.953,0.29447,3.325
5.8995,-12.84,-8.9653
11.134,-6.048,-8.8313
6.3309,-5.867,-8.7923
11.965,-11.476,-8.9193
5.6733,-9.0603,-11.496
11.942,-2.7897,-11.72
6.217,-8.9564,-6.0183
12.235,-8.9691,-11.737
9.0744,-12.133,-12.327
2.9127,-12.238,-11.828
8.9217,-5.8585,-11.937
12.344,-11.064,-2.73
6.3068,-6.362,-2.817
5.8995,-12.84,3.082
11.134,-6.048,3.216
6.3309,-5.867,3.255
11.965,-11.476,3.128
5.6174,-11.929,-3.155
12.059,-5.8437,-2.858
2.6306,-11.693,-5.799
8.6078,-5.6464,-5.318
9.165,-12.32,-5.578
11.053,-8.5413,-5.784
5.6733,-9.0603,0.551
11.942,-2.7897,0.327
6.217,-8.9564,6.029
12.325,-2.731,-5.609
12.235,-8.9691,0.31
9.0744,-12.133,-0.28
2.9127,-12.238,0.219
8.9217,-5.8585,0.11
12.344,-11.064,9.3173
6.3068,-6.362,9.2303
5.6174,-11.929,8.8923
12.059,-5.8437,9.1893
2.6306,-11.693,6.2483
8.6078,-5.6464,6.7293
9.165,-12.32,6.4693
11.053,-8.5413,6.2633
5.6733,-9.0603,12.598
11.942,-2.7897,12.374
12.325,-2.731,6.4383
12.235,-8.9691,12.357
9.0744,-12.133,11.767
2.9127,-12.238,12.266
8.9217,-5.8585,12.157
0.47164,-5.5317,-8.5243
-6.1391,-0.80186,-8.9653
6.4311,-0.49427,-8.4933
-0.9051,5.9906,-8.8313
11.144,0.31396,-8.7223
-6.6298,-5.1195,-8.7883
-5.7078,6.1716,-8.7923
-0.073539,0.56286,-8.9193
2.8511,0.99985,-6.0533
2.3808,6.5414,-6.3253
0.18809,-2.7054,-11.169
-6.3654,2.9783,-11.496
5.9616,3.1855,-10.671
-0.096167,9.249,-11.72
-5.8216,3.0823,-6.0183
6.0189,3.2626,-6.0063
-0.15203,-8.8523,-11.092
-6.248,-3.1141,-12.911
5.6844,-2.9027,-12.14
0.19587,3.0696,-11.737
2.9041,-5.5614,-11.575
-2.9642,-0.094752,-12.327
9.0057,-0.54447,-12.082
3.0264,5.3231,-11.556
-3.1891,-5.5183,-11.193
-9.1259,-0.1994,-11.828
2.9366,0.030406,-11.755
-3.1169,6.1801,-11.937
6.562,5.316,-2.477
0.11102,-11.18,-2.458
0.30547,0.97439,-2.73
-5.7318,5.6767,-2.817
0.47164,-5.5317,3.523
-6.1391,-0.80186,3.082
6.4311,-0.49427,3.554
-0.9051,5.9906,3.216
11.144,0.31396,3.325
-6.6298,-5.1195,3.259
-5.7078,6.1716,3.255
-0.073539,0.56286,3.128
-1.0055,-6.3286,-2.416
-6.4212,0.1096,-3.155
5.2786,0.73468,-2.673
0.020506,6.195,-2.858
-3.2336,-5.4468,-5.78
-9.4081,0.34578,-5.799
2.8511,0.99985,5.994
-3.4309,6.3922,-5.318
2.8489,-6.2756,-5.34
-2.8737,-0.28143,-5.578
8.7009,0.024749,-4.611
2.3808,6.5414,5.722
-0.34507,-8.7427,-5.574
-6.19,-2.8949,-5.813
5.5119,-2.7485,-4.93
-0.98571,3.4974,-5.784
0.18809,-2.7054,0.878
-6.3654,2.9783,0.551
5.9616,3.1855,1.376
-0.096167,9.249,0.327
0.69721,-2.5682,-5.742
-5.8216,3.0823,6.029
6.0189,3.2626,6.041
0.28638,9.3076,-5.609
-0.15203,-8.8523,0.955
-6.248,-3.1141,-0.864
5.6844,-2.9027,-0.093
0.19587,3.0696,0.31
2.9041,-5.5614,0.472
-2.9642,-0.094752,-0.28
9.0057,-0.54447,-0.035
3.0264,5.3231,0.491
-3.1891,-5.5183,0.854
-9.1259,-0.1994,0.219
2.9366,0.030406,0.292
-3.1169,6.1801,0.11
6.562,5.316,9.5703
0.11102,-11.18,9.5893
0.30547,0.97439,9.3173
-5.7318,5.6767,9.2303
-1.0055,-6.3286,9.6313
-6.4212,0.1096,8.8923
5.2786,0.73468,9.3743
0.020506,6.195,9.1893
-3.2336,-5.4468,6.2673
-9.4081,0.34578,6.2483
-3.4309,6.3922,6.7293
2.8489,-6.2756,6.7073
-2.8737,-0.28143,6.4693
8.7009,0.024749,7.4363
-0.34507,-8.7427,6.4733
-6.19,-2.8949,6.2343
5.5119,-2.7485,7.1173
-0.98571,3.4974,6.2633
0.18809,-2.7054,12.925
-6.3654,2.9783,12.598
5.9616,3.1855,13.423
-0.096167,9.249,12.374
0.69721,-2.5682,6.3053
0.28638,9.3076,6.4383
-0.15203,-8.8523,13.002
-6.248,-3.1141,11.183
5.6844,-2.9027,11.954
0.19587,3.0696,12.357
2.9041,-5.5614,12.519
-2.9642,-0.094752,11.767
9.0057,-0.54447,12.012
3.0264,5.3231,12.538
-3.1891,-5.5183,12.901
-9.1259,-0.1994,12.266
2.9366,0.030406,12.339
-3.1169,6.1801,12.157
-11.567,6.5069,-8.5243
-5.6075,11.544,-8.4933
-0.89463,12.353,-8.7223
-12.112,12.601,-8.9193
-9.1876,13.038,-6.0533
-11.851,9.3332,-11.169
-12.191,3.1864,-11.092
-6.3542,9.136,-12.14
-9.1345,6.4772,-11.575
-3.0329,11.494,-12.082
-9.102,12.069,-11.755
-11.928,0.85857,-2.458
-11.733,13.013,-2.73
-11.567,6.5069,3.523
-5.6075,11.544,3.554
-0.89463,12.353,3.325
-12.112,12.601,3.128
-13.044,5.71,-2.416
-6.7601,12.773,-2.673
-9.1876,13.038,5.994
-9.1897,5.7631,-5.34
-3.3377,12.063,-4.611
-12.384,3.296,-5.574
-6.5267,9.2901,-4.93
-11.851,9.3332,0.878
-11.341,9.4704,-5.742
-12.191,3.1864,0.955
-6.3542,9.136,-0.093
-9.1345,6.4772,0.472
-3.0329,11.494,-0.035
-9.102,12.069,0.292
-11.928,0.85857,9.5893
-11.733,13.013,9.3173
-13.044,5.71,9.6313
-6.7601,12.773,9.3743
-9.1897,5.7631,6.7073
-3.3377,12.063,7.4363
-12.384,3.296,6.4733
-6.5267,9.2901,7.1173
-11.851,9.3332,12.925
-11.341,9.4704,6.3053
-12.191,3.1864,13.002
-6.3542,9.136,11.954
-9.1345,6.4772,12.519
-3.0329,11.494,12.012
-9.102,12.069,12.339
12.53,6.5264,-8.5243
5.919,11.256,-8.9653
5.4283,6.9387,-8.7883
11.985,12.621,-8.9193
12.246,9.3527,-11.169
11.906,3.2059,-11.092
5.8101,8.944,-12.911
9.0939,11.963,-12.327
8.8691,6.5399,-11.193
2.9322,11.859,-11.828
12.169,0.87806,-2.458
12.364,13.033,-2.73
12.53,6.5264,3.523
5.919,11.256,3.082
5.4283,6.9387,3.259
11.985,12.621,3.128
11.053,5.7295,-2.416
5.6369,12.168,-3.155
8.8245,6.6113,-5.78
2.6501,12.404,-5.799
9.1844,11.777,-5.578
11.713,3.3155,-5.574
5.8681,9.1632,-5.813
12.246,9.3527,0.878
12.755,9.4899,-5.742
11.906,3.2059,0.955
5.8101,8.944,-0.864
9.0939,11.963,-0.28
8.8691,6.5399,0.854
2.9322,11.859,0.219
12.169,0.87806,9.5893
12.364,13.033,9.3173
11.053,5.7295,9.6313
5.6369,12.168,8.8923
8.8245,6.6113,6.2673
2.6501,12.404,6.2483
9.1844,11.777,6.4693
11.713,3.3155,6.4733
5.8681,9.1632,6.2343
12.246,9.3527,12.925
12.755,9.4899,6.3053
11.906,3.2059,13.002
5.8101,8.944,11.183
9.0939,11.963,11.767
8.8691,6.5399,12.901
2.9322,11.859,12.266
0.1305,12.917,-2.458
0.1305,12.917,9.5893
0,0,0
-0.19445,-5.6929,0.531
-5.8004,0.064347,-0.161
-0.169,0.65973,-5.88
-0.11526,6.079,0.234
6.0995,0.093338,0.7
-0.169,0.65973,6.1673
-0.10748,-5.4377,-5.671
5.7785,-5.5706,0.532
5.9022,0.31183,-5.703
-5.63,0.32385,-5.9853
-5.63,0.32385,6.062
-0.10748,-5.4377,6.3763
-6.2119,-5.8457,0.17
5.8462,6.2125,0.17
5.9022,0.31183,6.3443
-0.60387,6.627,-5.683
-6.2602,6.468,0.532
-0.60387,6.627,6.3643
5.7339,-5.724,-5.375
5.3754,6.2664,5.911
5.3754,6.2664,-6.1363
-6.3047,6.3146,-5.375
5.7339,-5.724,6.6723
-6.6827,-5.7917,5.911
-6.6827,-5.7917,-6.1363
-6.3047,6.3146,6.6723
-0.11526,-11.93,0.552
11.943,0.12852,0.552
0,0,-12.047
0,0,12.047
-12.154,0.10903,0.552
-0.09577,12.167,0.552
-0.19445,-5.6929,-11.516
6.0995,0.093338,-11.347
-0.22557,-11.648,-5.525
11.833,0.40995,-5.525
-5.8004,0.064347,11.886
-0.11526,6.079,-11.813
11.923,-5.9596,0.234
-0.22557,-11.648,6.5223
-5.9586,-11.965,0.7
-12.264,0.39046,-5.525
11.864,6.3652,0.531
6.2382,-11.974,-0.161
-5.8004,0.064347,-12.208
11.833,0.40995,6.5223
-5.9391,12.132,0.7
-12.173,-5.9791,0.234
-0.20608,12.449,-5.525
6.2577,12.122,-0.161
-0.11526,6.079,12.281
-12.233,6.3457,0.531
-0.19445,-5.6929,12.578
11.435,-5.4116,-5.683
-12.264,0.39046,6.5223
5.7785,-5.5706,-11.515
-0.20608,12.449,6.5223
6.0995,0.093338,12.747
11.435,-5.4116,6.3643
-6.1559,-11.746,-5.703
-6.2602,6.468,-11.515
-6.2119,-5.8457,-11.877
5.8462,6.2125,-11.877
6.4086,-11.715,-5.9853
6.4086,-11.715,6.062
-6.1559,-11.746,6.3443
11.951,6.6205,-5.671
-6.2119,-5.8457,12.217
5.8462,6.2125,12.217
-12.662,-5.4311,-5.683
5.7785,-5.5706,12.579
-6.1364,12.35,-5.703
-12.146,6.601,-5.671
11.951,6.6205,6.3763
-12.662,-5.4311,6.3643
-6.1364,12.35,6.3443
6.4281,12.382,-5.9853
6.4281,12.382,6.062
-12.146,6.601,6.3763
-6.2602,6.468,12.579
-0.11526,-11.93,-11.495
11.943,0.12852,-11.495
-12.154,0.10903,-11.495
-0.09577,12.167,-11.495
12.039,-12.039,0
-12.039,12.039,0
-12.058,-12.058,0
12.058,12.058,0
-0.11526,-11.93,12.599
11.943,0.12852,12.599
11.87,-11.379,-5.88
-12.154,0.10903,12.599
-0.09577,12.167,12.599
-5.9586,-11.965,-11.347
11.87,-11.379,6.1673
-5.9391,12.132,-11.347
11.864,6.3652,-11.516
-12.227,-11.398,-5.88
11.923,-5.9596,-11.813
-12.227,-11.398,6.1673
-12.233,6.3457,-11.516
-12.173,-5.9791,-11.813
6.2382,-11.974,11.886
6.2577,12.122,11.886
11.923,-5.9596,12.281
6.2382,-11.974,-12.208
-12.173,-5.9791,12.281
6.2577,12.122,-12.208
11.889,12.718,-5.88
11.864,6.3652,12.578
11.889,12.718,6.1673
-5.9586,-11.965,12.747
-12.208,12.698,-5.88
-5.9391,12.132,12.747
-12.233,6.3457,12.578
-12.208,12.698,6.1673
12.039,-12.039,-12.047
12.039,-12.039,12.047
-12.039,12.039,-12.047
-12.039,12.039,12.047
-12.058,-12.058,-12.047
-12.058,-12.058,12.047
12.058,12.058,-12.047
12.058,12.058,12.047
