-2.766,-10.004,-9.2703
-9.1873,-3.3706,-9.7263
-9.0013,-8.3409,-8.7813
-2.766,-10.004,2.777
-9.1873,-3.3706,2.321
-9.0013,-8.3409,3.266
-8.6944,-8.669,-3.424
-3.0503,-9.2587,-2.292
-8.6944,-8.669,8.6233
-3.0503,-9.2587,9.7553
9.5107,-9.2208,-9.2353
4.2159,-9.1713,-8.9563
9.4902,-2.982,-8.4413
9.5107,-9.2208,2.812
4.2159,-9.1713,3.091
9.4902,-2.982,3.606
10.074,-2.8477,-2.891
9.3035,-9.7518,-2.746
10.074,-2.8477,9.1563
9.3035,-9.7518,9.3013
3.5179,-3.2718,-9.7373
-2.5279,2.8178,-9.2353
9.2921,2.0541,-9.2703
2.8709,8.6875,-9.7263
-2.3547,-3.3616,-8.5813
-7.8227,2.8673,-8.9563
3.0568,3.7173,-8.7813
-2.5484,9.0566,-8.4413
3.5179,-3.2718,2.31
-2.5279,2.8178,2.812
9.2921,2.0541,2.777
2.8709,8.6875,2.321
-2.3547,-3.3616,3.466
-7.8227,2.8673,3.091
3.0568,3.7173,3.266
-2.5484,9.0566,3.606
3.3969,-8.7766,-3.318
-2.5131,-2.6262,-2.499
-1.9643,9.191,-2.891
3.3637,3.3892,-3.424
9.0078,2.7994,-2.292
-8.6465,-3.0123,-2.48
3.049,-3.1353,-2.598
-2.7351,2.2868,-2.746
3.3969,-8.7766,8.7293
-2.5131,-2.6262,9.5483
-1.9643,9.191,9.1563
3.3637,3.3892,8.6233
9.0078,2.7994,9.7553
-8.6465,-3.0123,9.5673
3.049,-3.1353,9.4493
-2.7351,2.2868,9.3013
-8.5208,8.7668,-9.7373
-8.5208,8.7668,2.31
-8.6417,3.262,-3.318
-8.9896,8.9033,-2.598
-8.6417,3.262,8.7293
-8.9896,8.9033,9.4493
9.7035,8.6965,-8.5813
9.7035,8.6965,3.466
9.5451,9.4319,-2.499
3.4116,9.0458,-2.48
9.5451,9.4319,9.5483
3.4116,9.0458,9.5673
-8.9235,-9.195,-10.007
-8.9235,-9.195,2.04
-8.606,-9.4206,-2.11
-8.606,-9.4206,9.9373
9.4436,-8.1015,-8.2463
9.4436,-8.1015,3.801
9.1522,-8.8878,-3.983
9.1522,-8.8878,8.0643
-2.6036,-8.539,-8.9643
-8.4414,-3.0151,-8.4943
2.762,-2.0478,-9.2853
-2.5951,3.9372,-8.2463
3.1891,-8.3806,-8.2483
-2.6007,-2.8383,-9.9673
9.4257,-2.663,-9.8953
3.1346,2.8631,-10.007
-2.6036,-8.539,3.083
-8.4414,-3.0151,3.553
2.762,-2.0478,2.762
-2.5951,3.9372,3.801
3.1891,-8.3806,3.799
-2.6007,-2.8383,2.08
9.4257,-2.663,2.152
3.1346,2.8631,2.04
3.5843,-8.8721,-1.85
-3.0667,-3.846,-3.16
9.005,-1.9749,-3.51
3.4521,2.6375,-2.11
-2.7372,-8.5553,-3.565
-8.8204,-1.5839,-2.931
4.0949,-2.2422,-3.126
-2.8864,3.1509,-3.983
3.5843,-8.8721,10.197
-3.0667,-3.846,8.8873
9.005,-1.9749,8.5373
3.4521,2.6375,9.9373
-2.7372,-8.5553,8.4823
-8.8204,-1.5839,9.1163
4.0949,-2.2422,8.9213
-2.8864,3.1509,8.0643
-9.2767,9.9909,-9.2853
-8.8496,3.658,-8.2483
-2.6129,9.3757,-9.8953
-9.2767,9.9909,2.762
-8.8496,3.658,3.799
-2.6129,9.3757,2.152
-8.4543,3.1666,-1.85
-3.0336,10.064,-3.51
-7.9438,9.7964,-3.126
-8.4543,3.1666,10.197
-3.0336,10.064,8.5373
-7.9438,9.7964,8.9213
9.4546,3.5191,-8.9643
3.6167,9.043,-8.4943
9.4574,9.2198,-9.9673
9.4546,3.5191,3.083
3.6167,9.043,3.553
9.4574,9.2198,2.08
8.9914,8.2122,-3.16
9.3209,3.5028,-3.565
3.2377,10.474,-2.931
8.9914,8.2122,8.8873
9.3209,3.5028,8.4823
3.2377,10.474,9.1163
0.36306,-12.664,-9.0453
0.36306,-12.664,3.002
-5.4714,-13.153,-9.2473
-11.99,-5.7741,-8.7513
-11.676,-0.62491,-9.0453
-12.089,-12.402,-8.9763
-8.9065,-12.046,-6.7663
-5.9296,-9.0409,-11.829
-11.932,-3.0821,-12.323
-5.7825,-8.751,-6.9343
-11.495,-9.1413,-11.87
-2.7116,-12.067,-12.229
-8.78,-6.1495,-12.401
-9.1123,-12.177,-11.774
-10.675,-12.208,-3.095
-5.4714,-13.153,2.8
-11.99,-5.7741,3.296
-11.676,-0.62491,3.002
-12.089,-12.402,3.071
-6.0619,-11.221,-3.499
-12.597,-6.6261,-2.837
-8.9065,-12.046,5.281
-2.8438,-11.148,-5.574
-8.7651,-5.5973,-6.179
-11.869,-8.7651,-6.022
-5.9296,-9.0409,0.218
-11.932,-3.0821,-0.276
-5.7825,-8.751,5.113
-11.546,-2.8374,-5.301
-11.495,-9.1413,0.177
-2.7116,-12.067,-0.182
-8.78,-6.1495,-0.354
-9.1123,-12.177,0.273
-10.675,-12.208,8.9523
-6.0619,-11.221,8.5483
-12.597,-6.6261,9.2103
-2.8438,-11.148,6.4733
-8.7651,-5.5973,5.8683
-11.869,-8.7651,6.0253
-5.9296,-9.0409,12.265
-11.932,-3.0821,11.771
-11.546,-2.8374,6.7463
-11.495,-9.1413,12.224
-2.7116,-12.067,11.865
-8.78,-6.1495,11.693
-9.1123,-12.177,12.32
6.1237,-12.848,-8.9003
12.107,-5.7546,-8.7513
12.421,-0.60542,-9.0453
6.3019,-6.2142,-9.0233
12.008,-12.383,-8.9763
3.0654,-11.716,-6.2973
6.5487,-9.0801,-11.881
12.164,-3.0626,-12.323
6.7445,-8.8121,-6.4903
12.602,-9.1218,-11.87
9.2413,-11.828,-11.244
3.3228,-12.08,-11.932
9.4591,-5.5163,-11.455
13.422,-12.189,-3.095
6.5642,-6.5416,-3.143
6.1237,-12.848,3.147
12.107,-5.7546,3.296
12.421,-0.60542,3.002
6.3019,-6.2142,3.024
12.008,-12.383,3.071
6.3203,-11.689,-2.898
11.5,-6.6066,-2.837
3.0654,-11.716,5.75
9.3382,-5.7574,-5.917
9.1501,-11.885,-5.923
12.227,-8.7456,-6.022
6.5487,-9.0801,0.166
12.164,-3.0626,-0.276
6.7445,-8.8121,5.557
12.551,-2.818,-5.301
12.602,-9.1218,0.177
9.2413,-11.828,0.803
3.3228,-12.08,0.115
9.4591,-5.5163,0.592
13.422,-12.189,8.9523
6.5642,-6.5416,8.9043
6.3203,-11.689,9.1493
11.5,-6.6066,9.2103
9.3382,-5.7574,6.1303
9.1501,-11.885,6.1243
12.227,-8.7456,6.0253
6.5487,-9.0801,12.213
12.164,-3.0626,11.771
12.551,-2.818,6.7463
12.602,-9.1218,12.224
9.2413,-11.828,12.85
3.3228,-12.08,12.162
9.4591,-5.5163,12.639
0.95177,-6.1886,-9.0483
-5.9149,-0.80964,-8.9003
6.5867,-1.0953,-9.2473
0.068589,6.2841,-8.7513
0.38254,11.433,-9.0453
-5.6293,-4.8953,-9.1433
-5.7368,5.8244,-9.0233
-0.030406,-0.34436,-8.9763
-2.7393,-6.3328,-6.3573
-8.9732,0.32244,-6.2973
3.1516,0.012021,-6.7663
0.26446,-8.9873,-6.7513
0.09051,-2.9642,-11.985
-5.49,2.9585,-11.881
6.1285,3.0172,-11.829
0.12587,8.976,-12.323
-5.2941,3.2265,-6.4903
6.2756,3.3071,-6.9343
0.4879,-9.1386,-11.835
-5.4723,-2.9366,-12.507
6.5422,-2.8228,-12.909
0.56356,2.9168,-11.87
3.4422,-5.91,-12.075
-2.7973,0.21072,-11.244
9.3465,-0.0084853,-12.229
3.2781,5.9086,-12.401
-2.559,-6.4297,-11.953
-8.7158,-0.041012,-11.932
2.9458,-0.11879,-11.774
-2.5795,6.5224,-11.455
-5.089,-6.4948,-2.892
0.56781,-11.091,-3.029
1.3831,-0.14991,-3.095
-5.4744,5.497,-3.143
0.95177,-6.1886,2.999
-5.9149,-0.80964,3.147
6.5867,-1.0953,2.8
0.068589,6.2841,3.296
0.38254,11.433,3.002
-5.6293,-4.8953,2.904
-5.7368,5.8244,3.024
-0.030406,-0.34436,3.071
-0.2093,-6.4531,-3.239
-5.7184,0.35002,-2.898
5.9963,0.83721,-3.499
-0.53882,5.432,-2.837
-2.7393,-6.3328,5.69
-8.9732,0.32244,5.75
3.1516,0.012021,5.281
-2.7004,6.2812,-5.917
3.4401,-5.8683,-5.872
-2.8885,0.15344,-5.923
9.2143,0.91005,-5.574
3.293,6.4608,-6.179
0.26446,-8.9873,5.296
-5.4101,-2.9451,-5.3
6.3194,-2.7952,-5.448
0.1888,3.293,-6.022
0.09051,-2.9642,0.062
-5.49,2.9585,0.166
6.1285,3.0172,0.218
0.12587,8.976,-0.276
0.11526,-2.8659,-5.622
-5.2941,3.2265,5.557
6.2756,3.3071,5.113
0.51195,9.2207,-5.301
0.4879,-9.1386,0.212
-5.4723,-2.9366,-0.46
6.5422,-2.8228,-0.862
0.56356,2.9168,0.177
3.4422,-5.91,-0.028
-2.7973,0.21072,0.803
9.3465,-0.0084853,-0.182
3.2781,5.9086,-0.354
-2.559,-6.4297,0.094
-8.7158,-0.041012,0.115
2.9458,-0.11879,0.273
-2.5795,6.5224,0.592
-5.089,-6.4948,9.1553
0.56781,-11.091,9.0183
1.3831,-0.14991,8.9523
-5.4744,5.497,8.9043
-0.2093,-6.4531,8.8083
-5.7184,0.35002,9.1493
5.9963,0.83721,8.5483
-0.53882,5.432,9.2103
-2.7004,6.2812,6.1303
3.4401,-5.8683,6.1753
-2.8885,0.15344,6.1243
9.2143,0.91005,6.4733
3.293,6.4608,5.8683
-5.4101,-2.9451,6.7473
6.3194,-2.7952,6.5993
0.1888,3.293,6.0253
0.09051,-2.9642,12.109
-5.49,2.9585,12.213
6.1285,3.0172,12.265
0.12587,8.976,11.771
0.11526,-2.8659,6.4253
0.51195,9.2207,6.7463
0.4879,-9.1386,12.259
-5.4723,-2.9366,11.587
6.5422,-2.8228,11.185
0.56356,2.9168,12.224
3.4422,-5.91,12.019
-2.7973,0.21072,12.85
9.3465,-0.0084853,11.865
3.2781,5.9086,11.693
-2.559,-6.4297,12.141
-8.7158,-0.041012,12.162
2.9458,-0.11879,12.32
-2.5795,6.5224,12.639
-11.087,5.85,-9.0483
-5.4519,10.943,-9.2473
-12.069,11.694,-8.9763
-8.8871,12.051,-6.7663
-11.774,3.0513,-6.7513
-11.948,9.0744,-11.985
-11.551,2.9,-11.835
-5.4965,9.2159,-12.909
-8.5964,6.1286,-12.075
-2.6921,12.03,-12.229
-9.0928,11.92,-11.774
-11.471,0.94766,-3.029
-10.656,11.889,-3.095
-11.087,5.85,2.999
-5.4519,10.943,2.8
-12.069,11.694,3.071
-12.248,5.5856,-3.239
-6.0424,12.876,-3.499
-8.8871,12.051,5.281
-8.5986,6.1704,-5.872
-2.8243,12.949,-5.574
-11.774,3.0513,5.296
-5.7192,9.2434,-5.448
-11.948,9.0744,0.062
-11.923,9.1727,-5.622
-11.551,2.9,0.212
-5.4965,9.2159,-0.862
-8.5964,6.1286,-0.028
-2.6921,12.03,-0.182
-9.0928,11.92,0.273
-11.471,0.94766,9.0183
-10.656,11.889,8.9523
-12.248,5.5856,8.8083
-6.0424,12.876,8.5483
-8.5986,6.1704,6.1753
-2.8243,12.949,6.4733
-5.7192,9.2434,6.5993
-11.948,9.0744,12.109
-11.923,9.1727,6.4253
-11.551,2.9,12.259
-5.4965,9.2159,11.185
-8.5964,6.1286,12.019
-2.6921,12.03,11.865
-9.0928,11.92,12.32
13.01,5.8695,-9.0483
6.1432,11.248,-8.9003
6.4288,7.1628,-9.1433
12.028,11.714,-8.9763
9.3188,5.7253,-6.3573
3.0849,12.381,-6.2973
12.323,3.0708,-6.7513
12.149,9.0939,-11.985
12.546,2.9195,-11.835
6.5858,9.1215,-12.507
9.2608,12.269,-11.244
9.4991,5.6284,-11.953
3.3423,12.017,-11.932
6.9691,5.5633,-2.892
12.626,0.96715,-3.029
13.441,11.908,-3.095
13.01,5.8695,2.999
6.1432,11.248,3.147
6.4288,7.1628,2.904
12.028,11.714,3.071
11.849,5.6051,-3.239
6.3397,12.408,-2.898
9.3188,5.7253,5.69
3.0849,12.381,5.75
9.1696,12.212,-5.923
12.323,3.0708,5.296
6.648,9.113,-5.3
12.149,9.0939,0.062
12.173,9.1922,-5.622
12.546,2.9195,0.212
6.5858,9.1215,-0.46
9.2608,12.269,0.803
9.4991,5.6284,0.094
3.3423,12.017,0.115
6.9691,5.5633,9.1553
12.626,0.96715,9.0183
13.441,11.908,8.9523
11.849,5.6051,8.8083
6.3397,12.408,9.1493
9.1696,12.212,6.1243
6.648,9.113,6.7473
12.149,9.0939,12.109
12.173,9.1922,6.4253
12.546,2.9195,12.259
6.5858,9.1215,11.587
9.2608,12.269,12.85
9.4991,5.6284,12.141
3.3423,12.017,12.162
0.5873,13.006,-3.029
0.5873,13.006,9.0183
0,0,0
-5.5487,-0.1294,0.411
0.29204,0.15768,-6
0.29204,0.15768,6.0473
0.25385,6.1596,-0.12
0.39881,-6.2791,0.241
6.3491,0.0021213,0.199
-5.6406,5.9022,-0.041
-5.7035,0.093338,-5.881
-5.8053,-5.9199,-0.024
0.38467,-5.8732,-5.981
-5.7035,0.093338,6.1663
0.47659,6.3074,-5.591
0.38467,-5.8732,6.0663
6.0896,0.27577,5.8783
6.0896,0.27577,-6.169
6.2528,6.1382,-0.024
6.398,-6.1364,-0.041
0.47659,6.3074,6.4563
-5.7262,-5.8082,-5.929
-5.7262,-5.8082,6.1183
6.3633,-5.6547,-5.896
-5.6754,6.3839,-5.896
6.3633,-5.6547,6.1513
-5.6754,6.3839,6.1513
6.332,6.2499,-5.929
6.332,6.2499,6.1183
-11.489,-0.06364,0.295
0.56905,11.994,0.295
0,0,-12.047
0,0,12.047
0.54956,-12.102,0.295
12.608,-0.044151,0.295
-5.5487,-0.1294,-11.636
-11.64,5.7595,0.241
0.16334,-11.756,-5.779
-11.804,-5.8985,-0.12
-11.875,0.28298,-5.779
-5.6895,12.041,0.199
0.16334,-11.756,6.2683
-5.709,-12.056,0.199
0.39881,-6.2791,-11.806
0.25385,6.1596,11.927
-11.875,0.28298,6.2683
6.3491,0.0021213,-11.848
12.221,0.30247,-5.779
6.5095,11.929,0.411
12.292,-5.879,-0.12
0.18283,12.341,-5.779
-5.5487,-0.1294,12.458
0.25385,6.1596,-12.167
12.457,5.779,0.241
12.221,0.30247,6.2683
6.3491,0.0021213,12.246
6.49,-12.168,0.411
0.39881,-6.2791,12.288
0.18283,12.341,6.2683
-11.582,-5.7507,-5.591
-11.582,-5.7507,6.4563
-5.9685,-11.782,5.8783
-11.654,6.1654,-5.981
-11.654,6.1654,6.0663
-5.6406,5.9022,12.006
-5.9685,-11.782,-6.169
-5.6406,5.9022,-12.088
-5.8053,-5.9199,12.023
-5.8053,-5.9199,-12.071
6.3351,-11.945,-5.881
12.515,-5.7312,-5.591
6.3351,-11.945,6.1663
6.2528,6.1382,12.023
-5.949,12.314,5.8783
6.2528,6.1382,-12.071
6.3546,12.151,-5.881
6.398,-6.1364,12.006
6.398,-6.1364,-12.088
-5.949,12.314,-6.169
6.3546,12.151,6.1663
12.443,6.1849,-5.981
12.443,6.1849,6.0663
12.515,-5.7312,6.4563
-11.489,-0.06364,-11.752
0.56905,11.994,-11.752
-11.489,-0.06364,12.342
0.54956,-12.102,-11.752
12.039,-12.039,0
-12.039,12.039,0
-12.058,-12.058,0
12.058,12.058,0
0.56905,11.994,12.342
12.608,-0.044151,-11.752
0.54956,-12.102,12.342
-11.64,5.7595,-11.806
12.608,-0.044151,12.342
-11.766,-11.9,-6
-11.804,-5.8985,11.927
-11.766,-11.9,6.0473
-5.6895,12.041,-11.848
-5.709,-12.056,-11.848
-11.64,5.7595,12.288
6.5095,11.929,-11.636
-11.804,-5.8985,-12.167
-11.747,12.196,-6
-11.747,12.196,6.0473
6.49,-12.168,-11.636
-5.6895,12.041,12.246
-5.709,-12.056,12.246
12.292,-5.879,11.927
12.457,5.779,-11.806
12.331,-11.881,-6
12.331,-11.881,6.0473
12.292,-5.879,-12.167
12.35,12.216,-6
12.35,12.216,6.0473
12.457,5.779,12.288
6.5095,11.929,12.458
6.49,-12.168,12.458
12.039,-12.039,-12.047
12.039,-12.039,12.047
-12.039,12.039,-12.047
-12.039,12.039,12.047
-12.058,-12.058,-12.047
-12.058,-12.058,12.047
12.058,12.058,-12.047
12.058,12.058,12.047
