-9.2957,-10.089,-9.2737
-9.8642,-2.838,-9.9647
-8.153,-9.9076,-2.6746
-9.2957,-10.089,3.6124
-9.8642,-2.838,2.9214
-8.153,-9.9076,10.212
10.328,-9.3973,-8.9118
11.519,-8.9504,-3.2566
10.328,-9.3973,3.9744
11.519,-8.9504,9.6295
3.4146,-8.5001,-9.2831
-2.9486,-3.9188,-9.7901
9.9638,-3.119,-9.1381
3.8672,2.6326,-9.1011
4.1691,-3.5468,-9.7081
-2.6092,3.5398,-9.0881
-2.0881,-9.5226,-8.7161
3.2987,9.8832,-9.7921
1.5818,-10.043,-3.02
-3.6536,-4.1486,-3.029
9.7171,-3.2739,-2.859
5.0099,2.8136,-2.502
3.4146,-8.5001,3.603
-2.9486,-3.9188,3.096
9.9638,-3.119,3.748
3.8672,2.6326,3.785
2.5611,-3.2654,-3.099
-1.4185,3.9867,-3.433
-2.1404,-9.8153,-3.181
-9.5424,-2.4006,-3.824
4.1691,-3.5468,3.178
-2.6092,3.5398,3.798
-2.0881,-9.5226,4.17
3.2987,9.8832,3.094
1.5818,-10.043,9.8661
-3.6536,-4.1486,9.8571
9.7171,-3.2739,10.027
5.0099,2.8136,10.384
2.5611,-3.2654,9.7871
-1.4185,3.9867,9.4531
-2.1404,-9.8153,9.7051
-9.5424,-2.4006,9.0621
-9.5224,4.4369,-9.4595
-2.9732,9.818,-9.3145
-8.7679,9.3902,-9.8845
-11.355,2.894,-3.1964
-3.22,9.6631,-3.0354
-9.5224,4.4369,3.4266
-2.9732,9.818,3.5716
-10.376,9.6716,-3.2754
-8.7679,9.3902,3.0016
-11.355,2.894,9.6898
-3.22,9.6631,9.8508
-10.376,9.6716,9.6108
10.214,8.8024,-9.6176
11.075,3.1986,-8.5436
9.5092,8.5726,-2.8564
10.214,8.8024,3.2686
11.022,2.9059,-3.0084
3.6205,10.321,-3.6514
11.075,3.1986,4.3426
9.5092,8.5726,10.03
11.022,2.9059,9.8777
3.6205,10.321,9.2347
-8.8191,-3.8647,-9.6887
-8.9655,-9.7118,-7.8617
-2.9056,-10.33,-2.1526
-8.8191,-3.8647,3.1974
-8.3439,-8.7381,-3.6346
-8.9655,-9.7118,5.0244
-2.9056,-10.33,10.734
-8.3439,-8.7381,9.2516
9.8477,-10.693,-9.5288
4.2163,-9.8378,-9.1808
10.545,-10.109,-3.2606
9.8477,-10.693,3.3574
4.2163,-9.8378,3.7054
10.545,-10.109,9.6255
-3.1127,-9.1853,-9.8151
4.3438,8.8565,-9.5161
2.8899,-2.6962,-9.8311
-3.0893,2.2436,-9.7051
-2.2097,-2.6495,-9.4851
-8.7207,3.0992,-9.3571
4.1974,3.0094,-7.6891
10.14,-3.3984,-7.6841
10.257,2.3914,-1.98
-9.6428,-2.8744,-2.422
3.677,-3.1975,-4.071
-2.3921,2.8277,-3.437
-3.1127,-9.1853,3.071
4.3438,8.8565,3.37
2.8899,-2.6962,3.055
-3.0893,2.2436,3.181
-3.3114,-3.1926,-1.974
2.7924,-9.3967,-2.415
4.8189,3.9831,-3.462
9.9002,-2.6425,-1.472
-2.2097,-2.6495,3.401
-8.7207,3.0992,3.529
4.1974,3.0094,5.197
10.14,-3.3984,5.202
10.257,2.3914,10.906
-9.6428,-2.8744,10.464
3.677,-3.1975,8.8151
-2.3921,2.8277,9.4491
-3.3114,-3.1926,10.912
2.7924,-9.3967,10.471
4.8189,3.9831,9.4241
9.9002,-2.6425,11.414
-10.047,10.241,-10.007
-2.7971,9.5387,-7.8605
-9.2601,9.7395,-4.2474
-10.047,10.241,2.8786
-10.145,3.5403,-2.5914
-3.0368,10.295,-1.6484
-2.7971,9.5387,5.0256
-9.2601,9.7395,8.6388
-10.145,3.5403,10.295
-3.0368,10.295,11.238
10.05,3.5359,-9.6426
10.953,10.072,-9.3126
3.52,9.8468,-2.2494
10.05,3.5359,3.2436
9.8515,9.5286,-1.8014
10.953,10.072,3.5736
3.52,9.8468,10.637
9.8515,9.5286,11.085
-10.158,-12.303,-13.601
-3.5865,-12.613,-11.616
-9.6683,-5.8835,-12.772
-2.7748,-12.928,-7.0867
-9.5,-5.9584,-7.1407
-13.907,-9.5138,-12.821
-12.408,-10.005,-6.6477
-5.9009,-9.3059,-13.112
-12.494,-3.1668,-13.076
-5.9624,-9.9783,-6.4907
-13.025,-3.2693,-6.0767
-7.6361,-13.226,-9.1057
-12.584,-6.6535,-9.8517
-12.495,-12.42,-9.9597
-6.2283,-7.222,-9.4447
-10.158,-12.303,-0.71455
-9.5559,-12.465,-5.3836
-3.5865,-12.613,1.2704
-9.6683,-5.8835,0.11445
-2.7748,-12.928,5.7994
-9.5,-5.9584,5.7454
-13.907,-9.5138,0.065449
-12.408,-10.005,6.2384
-5.9009,-9.3059,-0.22555
-12.494,-3.1668,-0.18955
-5.9624,-9.9783,6.3954
-13.025,-3.2693,6.8094
-5.14,-12.73,-3.0706
-11.539,-6.8621,-3.1026
-7.6361,-13.226,3.7804
-12.584,-6.6535,3.0344
-0.90021,-12.884,-3.5446
-7.6411,-5.4147,-3.3976
-12.495,-12.42,2.9264
-6.2283,-7.222,3.4414
-10.158,-12.303,12.172
-9.5559,-12.465,7.5026
-3.5865,-12.613,14.157
-9.6683,-5.8835,13.001
-13.907,-9.5138,12.952
-5.9009,-9.3059,12.661
-12.494,-3.1668,12.697
-5.14,-12.73,9.8156
-11.539,-6.8621,9.7836
-0.90021,-12.884,9.3416
-7.6411,-5.4147,9.4886
-13.837,0.053196,-3.7209
-13.837,0.053196,9.1652
3.7899,-12.89,-13.815
9.9453,-5.9374,-11.93
3.6393,-11.287,-5.7768
10.372,-6.5292,-5.7238
9.9127,-13.447,-12.011
10.347,-13.437,-6.4168
12.193,-9.7296,-12.472
13.692,-10.221,-6.2988
6.4642,-9.5656,-11.968
13.606,-3.3826,-12.727
8.0828,-10.194,-5.6578
13.075,-3.4851,-5.7278
6.5278,-12.558,-8.8718
13.516,-6.8694,-9.5028
13.605,-12.636,-9.6108
3.7899,-12.89,-0.92864
9.9453,-5.9374,0.95636
3.6393,-11.287,7.1094
10.372,-6.5292,7.1624
9.9127,-13.447,0.87536
10.347,-13.437,6.4694
12.193,-9.7296,0.41436
13.692,-10.221,6.5874
6.4642,-9.5656,0.91836
13.606,-3.3826,0.15936
8.0828,-10.194,7.2284
13.075,-3.4851,7.1584
7.9498,-13.198,-2.8656
6.5278,-12.558,4.0144
13.516,-6.8694,3.3834
8.1506,-7.1989,-2.1546
11.596,-13.436,-3.0096
13.605,-12.636,3.2754
3.7899,-12.89,11.957
9.9453,-5.9374,13.842
9.9127,-13.447,13.761
12.193,-9.7296,13.3
6.4642,-9.5656,13.804
13.606,-3.3826,13.045
7.9498,-13.198,10.02
8.1506,-7.1989,10.731
11.596,-13.436,9.8765
-2.5647,-6.5641,-12.084
-9.1471,0.046669,-13.991
3.0052,0.41861,-13.428
-2.9918,6.9997,-12.106
-3.0094,-6.9777,-5.9591
-9.2977,1.6497,-5.9531
-2.5654,6.4078,-5.9001
3.894,-6.9261,-12.921
-3.0243,-0.50982,-12.187
9.5763,0.10819,-11.443
3.4945,6.8377,-12.599
-2.5901,-0.49992,-6.5931
10.388,-0.20718,-6.9141
3.6628,6.7628,-6.9681
-0.11879,-9.7468,-12.446
-6.359,-3.6253,-12.784
6.3166,-2.7231,-12.71
-0.74388,3.2074,-12.648
0.35497,-9.9815,-6.5241
-6.4608,-3.4471,-6.6381
0.75448,2.716,-6.4751
0.22345,-3.3404,-12.368
-6.4729,3.3715,-12.144
7.262,3.4153,-12.939
0.66892,9.5544,-12.903
1.265,-3.2364,-6.2211
-4.8543,2.7429,-5.8341
7.2005,2.7429,-6.3181
0.13789,9.4519,-5.9041
0.42073,-5.8414,-8.6561
-6.4092,0.37901,-9.0481
5.5267,-0.50487,-8.9331
0.57912,6.0677,-9.6791
7.1969,-6.231,-9.1561
0.66751,0.30123,-9.7871
1.1816,-12.21,-9.9351
6.9346,5.4992,-9.2721
-2.5647,-6.5641,0.802
-9.1471,0.046669,-1.105
3.0052,0.41861,-0.542
-2.9918,6.9997,0.78
-3.0094,-6.9777,6.927
-9.2977,1.6497,6.933
3.607,0.25668,-5.211
-2.5654,6.4078,6.986
3.894,-6.9261,-0.035
-3.0243,-0.50982,0.699
9.5763,0.10819,1.443
3.4945,6.8377,0.287
3.6536,-6.7762,-5.538
-2.5901,-0.49992,6.293
10.388,-0.20718,5.972
3.6628,6.7628,5.918
-0.11879,-9.7468,0.44
-6.359,-3.6253,0.102
6.3166,-2.7231,0.176
-0.74388,3.2074,0.238
0.35497,-9.9815,6.362
-6.4608,-3.4471,6.248
7.1029,-3.7922,-5.762
0.75448,2.716,6.411
0.22345,-3.3404,0.518
-6.4729,3.3715,0.742
7.262,3.4153,-0.053
0.66892,9.5544,-0.017
1.265,-3.2364,6.665
-4.8543,2.7429,7.052
7.2005,2.7429,6.568
0.13789,9.4519,6.982
0.11384,-6.0366,-2.691
-4.9872,-0.26092,-3.042
8.0228,-0.0084853,-2.898
1.6235,5.8591,-2.93
0.42073,-5.8414,4.23
-6.4092,0.37901,3.838
5.5267,-0.50487,3.953
0.57912,6.0677,3.207
-4.7864,5.7382,-2.331
-1.3414,-0.49851,-3.186
12.263,-0.16263,-3.372
5.5218,7.3065,-3.225
7.1969,-6.231,3.73
0.66751,0.30123,3.099
1.1816,-12.21,2.951
6.9346,5.4992,3.614
-2.5647,-6.5641,13.688
-9.1471,0.046669,11.781
3.0052,0.41861,12.344
-2.9918,6.9997,13.666
3.607,0.25668,7.6751
3.894,-6.9261,12.851
-3.0243,-0.50982,13.585
9.5763,0.10819,14.329
3.4945,6.8377,13.173
3.6536,-6.7762,7.3481
-0.11879,-9.7468,13.326
-6.359,-3.6253,12.988
6.3166,-2.7231,13.062
-0.74388,3.2074,13.124
7.1029,-3.7922,7.1241
0.22345,-3.3404,13.404
-6.4729,3.3715,13.628
7.262,3.4153,12.833
0.66892,9.5544,12.869
0.11384,-6.0366,10.195
-4.9872,-0.26092,9.8441
8.0228,-0.0084853,9.9881
1.6235,5.8591,9.9561
-4.7864,5.7382,10.555
-1.3414,-0.49851,9.7001
12.263,-0.16263,9.5141
5.5218,7.3065,9.6611
-9.9318,13.356,-13.604
-9.043,6.0109,-13.097
-3.3607,13.045,-11.619
-2.5489,12.73,-7.0905
-13.056,3.1903,-12.622
-6.6205,10.214,-12.886
-12.582,2.9555,-6.7005
-12.714,9.5967,-12.544
-11.672,9.7006,-6.3975
-12.516,7.0956,-8.8325
-7.4103,12.432,-9.1095
-5.7401,6.706,-9.3325
-12.27,13.238,-9.9635
-11.755,0.72743,-10.111
-9.9318,13.356,-0.71836
-9.3301,13.194,-5.3874
-9.043,6.0109,-0.21136
-3.3607,13.045,1.2666
-9.2834,6.1608,-5.7144
-2.5489,12.73,5.7956
-13.056,3.1903,0.26364
-6.6205,10.214,-0.000357
-12.582,2.9555,6.1856
-5.8342,9.1448,-5.9384
-12.714,9.5967,0.34164
-11.672,9.7006,6.4886
-12.823,6.9005,-2.8674
-4.9142,12.929,-3.0744
-12.516,7.0956,4.0536
-7.4103,12.432,3.7766
-14.278,12.439,-3.3624
-0.67439,12.774,-3.5484
-5.7401,6.706,3.5536
-12.27,13.238,2.9226
-11.755,0.72743,2.7746
-9.9318,13.356,12.168
-9.3301,13.194,7.4988
-9.043,6.0109,12.675
-3.3607,13.045,14.153
-9.2834,6.1608,7.1718
-13.056,3.1903,13.15
-6.6205,10.214,12.886
-5.8342,9.1448,6.9478
-12.714,9.5967,13.228
-12.823,6.9005,10.019
-4.9142,12.929,9.8118
-14.278,12.439,9.5238
-0.67439,12.774,9.3378
10.598,6.1571,-11.912
4.0157,12.768,-13.819
10.153,5.7435,-5.7866
3.8651,14.371,-5.7806
10.139,12.211,-12.015
10.573,12.221,-6.4206
13.044,2.9744,-12.274
6.8038,9.0959,-12.612
13.518,2.7397,-6.3516
6.702,9.2741,-6.4656
13.386,9.3808,-12.196
14.428,9.4848,-6.0486
13.584,6.8798,-8.4836
6.7536,13.1,-8.8756
13.83,13.022,-9.6146
14.344,0.5116,-9.7626
10.598,6.1571,0.97455
4.0157,12.768,-0.93245
10.153,5.7435,7.0996
3.8651,14.371,7.1056
10.139,12.211,0.87155
10.573,12.221,6.4656
13.044,2.9744,0.61255
6.8038,9.0959,0.27455
13.518,2.7397,6.5346
6.702,9.2741,6.4206
13.386,9.3808,0.69055
14.428,9.4848,6.8376
13.277,6.6846,-2.5184
8.1756,12.46,-2.8694
13.584,6.8798,4.4026
6.7536,13.1,4.0106
11.821,12.223,-3.0134
13.83,13.022,3.2716
14.344,0.5116,3.1236
10.598,6.1571,13.861
4.0157,12.768,11.954
10.139,12.211,13.758
13.044,2.9744,13.499
6.8038,9.0959,13.161
13.386,9.3808,13.577
13.277,6.6846,10.368
8.1756,12.46,10.017
11.821,12.223,9.8727
1.4074,13.449,-9.9389
1.4074,13.449,2.9472
1.4435,13.362,-9.8839
1.4435,13.362,3.0022
8.0321,12.536,9.9967
11.833,12.155,9.9677
0,0,0
-6.1122,0.49922,-0.021
0.50629,-6.1773,0.356
0.36133,6.2572,-0.039
0.39103,-0.50134,-6.3931
0.39103,-0.50134,6.493
6.7557,0.26163,0.966
0.68519,6.0267,-6.4051
0.68519,6.0267,6.481
-6.5549,0.2885,-6.0031
-6.2608,-6.5192,0.41445
0.1994,-7.0725,-5.673
6.8646,-0.19799,-5.9231
6.919,-5.9984,0.874
-6.018,6.9387,0.69764
6.9021,6.202,0.587
-6.5549,0.2885,6.883
-5.6646,5.9998,-5.22
6.8646,-0.19799,6.963
0.1994,-7.0725,7.2131
-5.852,-6.2353,-6.0601
-5.852,-6.2353,6.826
7.2724,-6.9372,-5.0436
-5.6646,5.9998,7.6661
7.3108,6.4859,-5.8876
7.3108,6.4859,6.9986
-12.31,-0.34012,0.011
0.85284,12.381,0.18355
7.2724,-6.9372,7.8425
0,0,12.886
0,0,-12.886
0.62702,-13.277,0.18736
6.7557,0.26163,-11.92
13.79,-0.55595,0.35991
0.50629,-6.1773,-12.53
-6.4072,-12.46,0.79345
0.39457,12.601,-6.4171
-12.431,6.7598,0.17964
0.39457,12.601,6.469
6.8248,-12.438,0.15536
-12.768,-0.12057,6.2964
-6.1122,0.49922,12.865
-6.1122,0.49922,-12.907
0.36133,6.2572,12.847
-12.802,-6.464,-0.21155
0.36133,6.2572,-12.925
-12.768,-0.12057,-6.5897
0.16875,-13.058,-6.4133
0.16875,-13.058,6.4728
-6.1813,13.199,0.78964
0.50629,-6.1773,13.242
13.332,-0.3364,-6.2408
13.298,-6.6799,0.13736
13.332,-0.3364,6.6454
7.0506,13.22,0.15155
6.919,-5.9984,-12.012
13.669,6.5439,0.52855
-12.738,5.8646,-5.8494
-6.018,6.9387,-12.188
6.3822,-12.649,-5.8268
-6.0724,12.739,-6.0995
-6.2608,-6.5192,-12.472
6.9021,6.202,-12.299
6.7557,0.26163,13.852
-12.478,-6.6945,6.3084
13.362,5.6487,-5.5004
-6.2983,-12.919,-6.0957
-12.478,-6.6945,-6.5777
-6.0724,12.739,6.7866
-12.738,5.8646,7.0368
6.608,13.01,-5.8306
6.3822,-12.649,7.0594
-6.2983,-12.919,6.7904
-6.2608,-6.5192,13.301
6.608,13.01,7.0556
13.362,5.6487,7.3857
6.9021,6.202,13.473
-6.018,6.9387,13.584
13.622,-6.9104,-6.2288
6.919,-5.9984,13.76
13.622,-6.9104,6.6574
0.85284,12.381,-12.703
-12.31,-0.34012,-12.875
-12.31,-0.34012,12.897
0.85284,12.381,13.07
12.937,-12.937,0.17636
-12.937,12.937,-0.17636
-13.163,-12.721,-0.17255
13.163,12.721,0.17255
0.62702,-13.277,-12.699
-6.4072,-12.46,-12.093
13.79,-0.55595,-12.526
0.62702,-13.277,13.073
-12.546,12.436,6.3166
-12.546,12.436,-6.5695
-6.1813,13.199,-12.096
-12.431,6.7598,-12.706
6.8248,-12.438,-12.731
13.79,-0.55595,13.246
-12.802,-6.464,12.675
-12.431,6.7598,13.066
6.8248,-12.438,13.041
13.554,12.22,-6.2206
-12.802,-6.464,-13.098
13.554,12.22,6.6656
-12.772,-13.223,6.3204
-12.772,-13.223,-6.5657
13.669,6.5439,-12.358
-6.4072,-12.46,13.68
13.298,-6.6799,-12.749
7.0506,13.22,-12.735
13.298,-6.6799,13.023
7.0506,13.22,13.038
13.328,-13.438,-6.2168
-6.1813,13.199,13.676
13.328,-13.438,6.6694
13.669,6.5439,13.415
12.937,-12.937,-12.71
-12.937,12.937,12.71
-13.163,-12.721,12.714
13.163,12.721,-12.714
12.937,-12.937,13.062
-12.937,12.937,-13.062
-13.163,-12.721,-13.059
13.163,12.721,13.059
