-3.1543,-8.8278,-9.6857
-9.3351,-3.2112,-9.4907
-3.1543,-8.8278,2.1499
-9.3351,-3.2112,2.3449
-3.3508,-8.9084,-2.7541
-9.2043,-3.0168,-3.8381
-8.476,-9.163,-8.9041
-8.594,-9.2358,-3.2581
-3.3508,-8.9084,9.0816
-9.2043,-3.0168,7.9976
-8.476,-9.163,2.9316
-8.594,-9.2358,8.5776
8.1448,-9.0429,-8.8164
2.5311,-8.3973,-8.6104
9.2847,-3.164,-8.8954
8.1448,-9.0429,3.0192
8.1873,-8.6398,-2.5168
2.5311,-8.3973,3.2252
9.2847,-3.164,2.9402
2.5269,-8.9064,-3.0408
8.3838,-3.4737,-3.5008
8.1873,-8.6398,9.3189
2.5269,-8.9064,8.7949
8.3838,-3.4737,8.3349
2.5647,-3.269,-9.1237
-3.3524,2.4544,-9.0527
8.3778,2.6347,-9.4487
2.197,8.2512,-9.2537
-3.1289,-3.3312,-9.1117
-8.9661,3.1,-8.8467
-2.2125,8.3333,-9.1317
2.5647,-3.269,2.712
-3.3524,2.4544,2.783
8.3778,2.6347,2.387
2.197,8.2512,2.582
2.5187,-3.2937,-3.14
-3.31,2.8574,-2.753
8.1812,2.5541,-2.517
2.3278,8.4457,-3.601
-3.1289,-3.3312,2.724
-8.9661,3.1,2.989
3.0561,2.2995,-8.667
-2.2125,8.3333,2.704
-3.5002,-2.8511,-3.039
-8.9704,2.5908,-3.277
2.938,2.2267,-3.021
-3.1134,8.0235,-3.737
2.5187,-3.2937,8.6957
-3.31,2.8574,9.0827
8.1812,2.5541,9.3187
2.3278,8.4457,8.2347
3.0561,2.2995,3.1687
-3.5002,-2.8511,8.7967
-8.9704,2.5908,8.5587
2.938,2.2267,8.8147
-3.1134,8.0235,8.0987
-8.9325,8.2283,-9.3599
-8.9325,8.2283,2.4758
-8.9785,8.2035,-3.3762
-8.9785,8.2035,8.4594
8.4031,8.1313,-8.8746
8.4031,8.1313,2.9611
8.0319,8.6114,-2.8019
8.0319,8.6114,9.0337
-8.4604,-7.9255,-9.6857
-8.4604,-7.9255,2.1499
-9.2941,-7.9729,-2.8771
-9.2941,-7.9729,8.9586
7.8782,-3.695,-8.8054
8.7331,-8.8576,-7.6448
3.3917,-3.3945,-8.0088
-2.0594,-8.5557,-2.9198
8.9884,-9.9034,-2.4258
3.1555,-3.0423,-1.5978
2.7793,-9.7514,-8.3958
7.8782,-3.695,3.0302
3.6391,-8.6752,-2.0798
9.3985,-3.1519,-2.4668
8.7331,-8.8576,4.1909
3.3917,-3.3945,3.8269
-2.0594,-8.5557,8.9159
8.9884,-9.9034,9.4099
3.1555,-3.0423,10.238
2.7793,-9.7514,3.4399
3.6391,-8.6752,9.7559
9.3985,-3.1519,9.3689
-1.7664,-2.8694,-8.7757
3.0717,3.5369,-9.4487
-3.619,7.8022,-9.0417
-8.3729,-2.9211,-8.513
-2.943,-8.5588,-8.071
-2.7641,2.6396,-7.881
-8.1056,8.1027,-8.245
-8.2378,-2.9755,-2.447
-2.5088,1.5938,-2.662
-8.3417,8.4549,-1.834
-1.7664,-2.8694,3.06
-8.7179,1.7458,-8.632
3.0717,3.5369,2.387
-3.619,7.8022,2.794
-2.5017,-3.1919,-1.953
-7.8581,2.8221,-2.316
2.238,3.4896,-2.64
-2.0987,8.3453,-2.703
-8.3729,-2.9211,3.3227
-2.943,-8.5588,3.7647
-2.7641,2.6396,3.9547
-8.1056,8.1027,3.5907
-8.2378,-2.9755,9.3887
-2.5088,1.5938,9.1737
-8.3417,8.4549,10.002
-8.7179,1.7458,3.2037
-2.5017,-3.1919,9.8827
-7.8581,2.8221,9.5197
2.238,3.4896,9.1957
-2.0987,8.3453,9.1327
9.4726,2.9068,-2.6827
9.4726,2.9068,9.153
9.7657,8.593,-8.5386
3.1592,8.5414,-8.2759
8.5891,2.9037,-7.8339
3.2943,8.487,-2.2099
9.7657,8.593,3.2971
9.0303,8.2706,-1.7159
3.1592,8.5414,3.5597
8.5891,2.9037,4.0017
3.2943,8.487,9.6257
9.0303,8.2706,10.12
-2.9439,-12.455,-12.021
-5.8063,-12.608,-2.4428
-0.76175,-11.892,-3.2838
-3.2119,-11.299,-6.6578
-2.9439,-12.455,-0.18582
-5.8063,-12.608,9.3928
-0.76175,-11.892,8.5518
-3.2119,-11.299,5.1778
-2.9439,-12.455,11.65
-11.459,-6.8847,-9.0307
-11.867,-11.538,-9.4177
-11.821,-8.5428,-12.513
-5.801,-8.6418,-12.325
-11.098,-2.7919,-12.616
-8.6662,-11.479,-12.077
-8.5622,-5.9598,-12.061
-11.467,-5.6006,-2.9481
-6.4084,-12.155,-8.9001
-11.459,-6.8847,2.8049
-11.483,-12.329,-3.4091
-6.5993,-5.7872,-2.9771
-12.259,-0.39484,-3.5201
-11.867,-11.538,2.4179
-6.5583,-5.8763,-8.9581
-11.991,-8.7734,-5.2021
-11.821,-8.5428,-0.67706
-5.7847,-8.8236,-5.6981
-11.223,-3.1759,-6.6451
-5.801,-8.6418,-0.48906
-11.098,-2.7919,-0.78006
-8.6216,-11.557,-5.9981
-8.6662,-11.479,-0.24106
-8.8981,-6.3508,-5.6641
-8.5622,-5.9598,-0.22506
-11.467,-5.6006,8.8876
-6.4084,-12.155,2.9356
-11.483,-12.329,8.4266
-6.5993,-5.7872,8.8586
-12.259,-0.39484,8.3156
-6.5583,-5.8763,2.8776
-11.991,-8.7734,6.6336
-11.821,-8.5428,11.159
-5.7847,-8.8236,6.1376
-11.223,-3.1759,5.1906
-5.801,-8.6418,11.347
-11.098,-2.7919,11.056
-8.6216,-11.557,5.8376
-8.6662,-11.479,11.595
-8.8981,-6.3508,6.1716
-8.5622,-5.9598,11.611
11.571,-6.9194,-8.5574
11.163,-11.573,-8.9444
5.3829,-6.3558,-8.6104
0.029363,-11.188,-8.9784
0.087345,-8.6009,-12.242
11.208,-8.5776,-12.039
5.3397,-3.1774,-11.454
5.9372,-8.9142,-11.676
11.931,-2.8267,-12.142
2.9829,-11.751,-11.21
8.4963,-5.7385,-11.255
8.5606,-11.866,-11.962
2.9306,-6.1183,-11.616
8.5882,-0.99244,-11.784
4.924,-11.511,-2.5338
5.7258,-1.1452,-2.2058
11.562,-5.6353,-2.4748
5.3525,-11.893,-8.3758
11.571,-6.9194,3.2782
11.546,-12.363,-2.9358
5.1262,-6.1586,-2.8708
10.77,-0.42959,-3.0468
11.163,-11.573,2.8912
5.3829,-6.3558,3.2252
0.029363,-11.188,2.8572
0.058354,-9.1433,-5.4988
11.038,-8.8081,-4.7288
5.8842,-3.3726,-5.9718
0.087345,-8.6009,-0.40676
11.208,-8.5776,-0.20376
5.3397,-3.1774,0.38124
5.1637,-8.9311,-5.8848
11.806,-3.2106,-6.1718
5.9372,-8.9142,0.15924
11.931,-2.8267,-0.30676
2.558,-11.929,-6.0918
8.4758,-5.9174,-5.9938
2.9829,-11.751,0.62524
8.4963,-5.7385,0.58024
8.2976,-11.43,-5.3708
2.7482,-5.4847,-5.5678
8.3202,0.16368,-6.4208
8.5606,-11.866,-0.12676
2.9306,-6.1183,0.21924
8.5882,-0.99244,0.051238
4.924,-11.511,9.3019
5.7258,-1.1452,9.6299
11.562,-5.6353,9.3609
5.3525,-11.893,3.4599
11.546,-12.363,8.8999
5.1262,-6.1586,8.9649
10.77,-0.42959,8.7889
0.058354,-9.1433,6.3369
11.038,-8.8081,7.1069
5.8842,-3.3726,5.8639
0.087345,-8.6009,11.429
11.208,-8.5776,11.632
5.3397,-3.1774,12.217
5.1637,-8.9311,5.9509
11.806,-3.2106,5.6639
5.9372,-8.9142,11.995
11.931,-2.8267,11.529
2.558,-11.929,5.7439
8.4758,-5.9174,5.8419
2.9829,-11.751,12.461
8.4963,-5.7385,12.416
8.2976,-11.43,6.4649
2.7482,-5.4847,6.2679
8.3202,0.16368,5.4149
8.5606,-11.866,11.709
2.9306,-6.1183,12.055
8.5882,-0.99244,11.887
0.073539,4.5778,-8.7937
-0.33446,-0.07566,-9.1807
-6.1144,5.1414,-8.8467
-11.468,0.30971,-9.2147
-5.881,-3.1388,-11.757
-11.41,2.8963,-12.479
-0.28921,2.9196,-12.276
-6.1575,8.3198,-11.691
0.13294,-2.9812,-11.616
-5.56,2.5831,-11.913
5.7311,2.8206,-12.088
0.43416,8.6705,-12.379
-2.7683,-5.8216,-12.063
-8.5143,-0.25385,-11.447
2.8659,-0.016263,-11.84
-3.001,5.7587,-11.492
-2.9366,-0.3684,-12.199
-8.5666,5.379,-11.853
2.9698,5.5027,-11.824
-2.909,10.505,-12.021
-0.35143,-5.3733,-2.956
-6.5733,-0.014142,-2.77
-5.7714,10.352,-2.442
0.065054,5.8619,-2.711
-0.73327,-6.2261,-8.629
-6.1448,-0.39598,-8.612
5.1237,-0.69296,-8.663
0.073539,4.5778,3.042
0.04879,-0.86621,-3.172
-6.371,5.3387,-3.107
4.9328,5.6752,-2.74
-0.72691,11.068,-3.283
-0.33446,-0.07566,2.655
-6.1144,5.1414,2.989
4.9738,5.5861,-8.721
-11.468,0.30971,2.621
-5.8556,-3.1304,-5.943
-11.439,2.354,-5.735
-0.45891,2.6891,-4.965
-5.613,8.1247,-6.208
-5.881,-3.1388,0.079
-11.41,2.8963,-0.643
-0.28921,2.9196,-0.44
-6.1575,8.3198,0.145
-0.30123,-2.844,-6.055
-6.3336,2.5661,-6.121
5.7474,2.6389,-5.461
0.30901,8.2866,-6.408
0.13294,-2.9812,0.22
-5.56,2.5831,-0.077
5.7311,2.8206,-0.252
0.43416,8.6705,-0.543
-3.0505,-6.0019,-5.547
-8.9392,-0.43134,-6.328
2.9105,-0.094752,-5.761
-3.0215,5.5798,-6.23
-2.7683,-5.8216,-0.227
-8.5143,-0.25385,0.389
2.8659,-0.016263,-0.004
-3.001,5.7587,0.344
-3.1997,0.067175,-5.607
-8.749,6.0125,-5.804
2.634,5.1117,-5.427
-3.177,11.661,-6.657
-2.9366,-0.3684,-0.363
-8.5666,5.379,-0.017
2.9698,5.5027,0.012
-2.909,10.505,-0.185
-0.35143,-5.3733,8.8797
-6.5733,-0.014142,9.0657
-5.7714,10.352,9.3937
0.065054,5.8619,9.1247
-0.73327,-6.2261,3.2067
-6.1448,-0.39598,3.2237
5.1237,-0.69296,3.1727
0.04879,-0.86621,8.6637
-6.371,5.3387,8.7287
4.9328,5.6752,9.0957
-0.72691,11.068,8.5527
4.9738,5.5861,3.1147
-5.8556,-3.1304,5.8927
-11.439,2.354,6.1007
-0.45891,2.6891,6.8707
-5.613,8.1247,5.6277
-5.881,-3.1388,11.915
-11.41,2.8963,11.193
-0.28921,2.9196,11.396
-6.1575,8.3198,11.981
-0.30123,-2.844,5.7807
-6.3336,2.5661,5.7147
5.7474,2.6389,6.3747
0.30901,8.2866,5.4277
0.13294,-2.9812,12.056
-5.56,2.5831,11.759
5.7311,2.8206,11.584
0.43416,8.6705,11.293
-3.0505,-6.0019,6.2887
-8.9392,-0.43134,5.5077
2.9105,-0.094752,6.0747
-3.0215,5.5798,5.6057
-2.7683,-5.8216,11.609
-8.5143,-0.25385,12.225
2.8659,-0.016263,11.832
-3.001,5.7587,12.18
-3.1997,0.067175,6.2287
-8.749,6.0125,6.0317
2.634,5.1117,6.4087
-3.177,11.661,5.1787
-2.9366,-0.3684,11.473
-8.5666,5.379,11.819
2.9698,5.5027,11.848
-2.909,10.505,11.651
-11.832,11.422,-9.4169
-11.364,8.5161,-11.852
-8.6313,11.481,-12.076
-11.849,6.1239,-3.1922
-12.23,5.2711,-8.8652
-6.3735,10.804,-8.8992
-11.448,10.631,-3.4082
-11.832,11.422,2.4188
-11.798,8.6532,-6.2912
-11.364,8.5161,-0.016238
-8.5868,11.402,-5.9972
-8.6313,11.481,-0.24024
-11.849,6.1239,8.6434
-12.23,5.2711,2.9704
-6.3735,10.804,2.9364
-11.448,10.631,8.4274
-11.798,8.6532,5.5444
-11.364,8.5161,11.819
-8.5868,11.402,5.8384
-8.6313,11.481,11.595
11.561,0.27497,-8.7414
11.619,2.8616,-12.005
11.561,0.27497,3.0943
11.59,2.3192,-5.2617
11.619,2.8616,-0.1697
11.59,2.3192,6.574
11.619,2.8616,11.666
11.198,11.387,-8.9436
0.064211,11.772,-8.9776
5.6511,8.3236,-11.52
11.665,8.4813,-11.379
8.7637,5.6409,-11.826
3.0178,11.209,-11.21
8.5955,11.094,-11.962
11.181,6.0892,-2.7189
4.9588,11.448,-2.5329
10.799,5.2364,-8.3919
5.3873,11.066,-8.3749
11.581,10.596,-2.9349
11.198,11.387,2.8921
0.064211,11.772,2.8581
5.6765,8.3321,-5.7059
5.6511,8.3236,0.31606
11.231,8.6185,-5.8179
11.665,8.4813,0.45706
8.4816,5.4606,-5.3099
2.5928,11.031,-6.0909
8.7637,5.6409,0.010058
3.0178,11.209,0.62606
8.3324,11.53,-5.3699
8.5955,11.094,-0.12594
11.181,6.0892,9.1167
4.9588,11.448,9.3027
10.799,5.2364,3.4437
5.3873,11.066,3.4607
11.581,10.596,8.9007
5.6765,8.3321,6.1297
5.6511,8.3236,12.152
11.231,8.6185,6.0177
11.665,8.4813,12.293
8.4816,5.4606,6.5257
2.5928,11.031,5.7447
8.7637,5.6409,11.846
3.0178,11.209,12.462
8.3324,11.53,6.4657
8.5955,11.094,11.71
0,0,0
0.0084853,5.7247,0.128
0.14637,-0.043134,-5.729
-5.7311,-0.23405,0.481
-0.03677,-5.7983,-0.221
5.857,-0.18597,0.087
0.14637,-0.043134,6.1067
-0.19728,5.4412,5.7287
-5.7799,5.4292,0.343
5.8089,5.642,-0.04
5.6788,-0.17748,-5.845
-5.7232,-5.8205,-0.27706
-6.1928,-0.065054,-5.343
-0.19728,5.4412,-6.107
-0.11809,-5.8315,5.8147
5.6788,-0.17748,5.9907
5.7173,-6.0681,0.57924
-0.11809,-5.8315,-6.021
-6.1928,-0.065054,6.4927
5.4681,5.601,-5.637
5.4189,-6.1204,-5.5098
-6.0783,5.3768,-5.746
5.4681,5.601,6.1987
-6.0783,5.3768,6.0897
-6.064,-5.8615,-5.8741
-6.064,-5.8615,5.9616
5.4189,-6.1204,6.3259
11.436,-0.059061,0.12724
-0.060811,11.438,-0.109
-0.09566,-11.522,-0.10982
-11.593,-0.024319,-0.34606
0,0,-11.836
0,0,11.836
-0.30476,11.14,5.7327
-5.6403,11.311,-0.14924
11.192,-0.35675,-5.8668
5.801,11.228,0.71806
11.192,-0.35675,5.9689
-0.30476,11.14,-6.103
-5.7311,-0.23405,-11.355
11.495,5.6642,0.016058
-11.534,5.6989,-0.45724
-11.524,-5.7377,-0.10906
11.506,-5.7725,0.36424
-5.6751,-11.648,-0.15006
-0.03677,-5.7983,11.615
0.0084853,5.7247,-11.708
-11.837,-0.32201,5.4956
5.7661,-11.731,0.71724
5.857,-0.18597,-11.749
-0.33961,-11.819,5.7318
0.0084853,5.7247,11.964
5.857,-0.18597,11.923
-0.33961,-11.819,-6.1038
-0.03677,-5.7983,-12.057
-11.837,-0.32201,-6.3401
5.3392,11.397,-5.1059
-5.7311,-0.23405,12.317
5.3044,-11.562,-5.1068
-5.7799,5.4292,-11.493
-5.8184,11.32,5.7544
11.414,5.631,-5.7839
5.7173,-6.0681,-11.256
-11.615,5.6657,5.5784
11.414,5.631,6.0517
11.3,-6.056,-5.8708
-5.8184,11.32,-6.0812
11.3,-6.056,5.9649
-5.7232,-5.8205,11.559
-5.8533,-11.64,5.7536
5.3392,11.397,6.7297
-11.729,-6.0213,5.4916
5.8089,5.642,11.796
-11.615,5.6657,-6.2572
5.8089,5.642,-11.876
-5.8533,-11.64,-6.0821
5.3044,-11.562,6.7289
-5.7799,5.4292,12.179
-5.7232,-5.8205,-12.113
-11.729,-6.0213,-6.3441
5.7173,-6.0681,12.415
-11.497,11.497,-0.23624
11.497,-11.497,0.23624
-11.532,-11.462,-0.23706
11.532,11.462,0.23706
-11.593,-0.024319,11.49
11.436,-0.059061,-11.708
-0.060811,11.438,11.727
-0.09566,-11.522,11.726
-0.060811,11.438,-11.945
11.436,-0.059061,11.963
-0.09566,-11.522,-11.945
-11.593,-0.024319,-12.182
5.801,11.228,-11.118
5.7661,-11.731,-11.118
-11.351,11.454,5.8704
-11.534,5.6989,11.378
-11.351,11.454,-5.9652
-5.6403,11.311,11.686
-11.386,-11.506,5.8696
11.678,11.419,-5.4919
11.506,-5.7725,-11.471
-11.386,-11.506,-5.9661
11.644,-11.54,-5.4928
-11.524,-5.7377,11.727
-5.6403,11.311,-11.985
11.495,5.6642,-11.82
-5.6751,-11.648,11.686
11.495,5.6642,11.852
11.678,11.419,6.3437
-11.524,-5.7377,-11.945
11.644,-11.54,6.3429
-5.6751,-11.648,-11.986
11.506,-5.7725,12.2
-11.534,5.6989,-12.293
5.801,11.228,12.554
5.7661,-11.731,12.553
-11.532,-11.462,11.599
11.532,11.462,-11.599
-11.497,11.497,11.599
11.497,-11.497,-11.599
-11.497,11.497,-12.072
11.497,-11.497,12.072
-11.532,-11.462,-12.073
11.532,11.462,12.073
