-3.6808,-8.9149,-8.6228
-9.3963,-10.378,-9.6458
-3.6812,-8.9136,4.5545
-9.3968,-10.377,3.5315
-3.4712,-9.8816,-3.5565
-8.981,-3.973,-3.2015
-9.4696,-9.4382,-2.5975
-3.4716,-9.8803,9.6207
-8.9814,-3.9717,9.9757
-9.47,-9.4369,10.58
9.6287,-8.8575,-9.6363
9.8161,-2.9143,-10.076
9.6283,-8.8562,3.5409
9.8157,-2.9129,3.1009
9.0739,-9.378,-2.8831
9.5788,-3.4313,-3.1181
9.0735,-9.3767,10.294
9.5784,-3.4299,10.059
8.9934,3.7577,-8.6232
-8.7203,-2.6622,-9.3442
3.5353,-3.16,-10.056
-2.9737,3.7464,-9.6382
3.1117,-8.9816,-9.3432
-2.8895,-1.7571,-9.9302
-2.7863,9.6896,-10.078
3.2779,2.2947,-9.6462
8.993,3.759,4.554
-8.7207,-2.6608,3.833
3.5348,-3.1586,3.121
-2.9741,3.7477,3.539
3.1113,-8.9803,3.834
-2.8899,-1.7557,3.247
-2.7867,9.6909,3.099
3.2774,2.296,3.531
2.518,-3.1685,-2.919
-3.5285,3.2258,-2.885
9.203,2.791,-3.557
3.6932,8.6995,-3.202
2.9317,-8.1105,-2.821
-4.1493,-3.0335,-3.141
-3.0236,9.1726,-3.12
3.2046,3.2343,-2.598
2.5176,-3.1672,10.258
-3.5289,3.2271,10.292
9.2026,2.7923,9.6202
3.6928,8.7009,9.9752
2.9312,-8.1092,10.356
-4.1497,-3.0322,10.036
-3.024,9.1739,10.057
3.2042,3.2356,10.579
-9.0671,9.4439,-10.058
-9.4907,3.6223,-9.3451
-9.0676,9.4452,3.1191
-9.4911,3.6236,3.8321
-10.084,9.4353,-2.9209
-9.6707,4.4933,-2.8229
-10.085,9.4366,10.256
-9.6712,4.4946,10.354
3.9539,10.01,-9.3447
9.7847,10.915,-9.9307
3.9535,10.012,3.8325
9.7843,10.917,3.2465
8.5249,9.639,-3.1415
8.5245,9.6404,10.036
-9.4996,-9.1786,-8.8018
-9.5,-9.1773,4.3755
-9.7765,-9.0012,-1.2045
-9.7769,-8.9999,11.973
9.3021,-8.4658,-11.021
4.4294,-9.3673,-9.9683
10.026,-2.6067,-8.6283
9.3016,-8.4644,2.1559
4.429,-9.366,3.2089
10.026,-2.6054,4.5489
10.258,-8.6745,-3.4991
10.926,-3.159,-2.4661
10.258,-8.6731,9.6781
10.925,-3.1577,10.711
4.1271,-1.9034,-9.5112
-3.3003,4.1381,-11.023
-3.0451,-8.8267,-9.9852
-10.137,-2.146,-9.3312
-3.1137,-2.4338,-11.285
-8.173,3.2365,-9.9702
3.1746,3.4939,-8.8022
-2.5763,9.9972,-8.6302
4.1267,-1.9021,3.666
-3.3008,4.1394,2.154
-3.0455,-8.8254,3.192
-10.138,-2.1447,3.846
-3.1141,-2.4324,1.892
-8.1734,3.2378,3.207
3.1742,3.4952,4.375
-2.5767,9.9985,4.547
-3.0795,-8.9428,-2.428
-9.3536,-2.9896,-2.141
3.8856,-2.5703,-3.223
-2.3441,3.9294,-3.501
-3.1968,-4.167,-3.181
2.4148,-8.8282,-4.039
2.8977,3.6713,-1.205
-1.6766,9.4448,-2.468
-3.0799,-8.9415,10.749
-9.354,-2.9883,11.036
3.8851,-2.569,9.9542
-2.3445,3.9307,9.6762
-3.1973,-4.1657,9.9962
2.4143,-8.8269,9.1382
2.8973,3.6726,11.972
-1.677,9.4461,10.709
-8.4753,10.7,-9.5131
-8.4757,10.702,3.6641
-8.7169,10.034,-3.2249
-10.188,3.7756,-4.0409
-8.7173,10.035,9.9523
-10.188,3.7769,9.1363
9.6291,3.8458,-9.9857
2.5369,10.527,-9.3317
9.5605,10.239,-11.286
9.6287,3.8471,3.1915
2.5364,10.528,3.8455
9.5601,10.24,1.8915
9.5948,3.7298,-2.4285
3.3206,9.6829,-2.1415
9.4774,8.5056,-3.1815
9.5943,3.7311,10.749
3.3202,9.6842,11.036
9.4769,8.5069,9.9958
-5.2965,-12.284,-9.6888
-12.645,-5.5469,-9.5658
-0.79226,-12.392,-9.3338
-12.212,-12.898,-9.4778
-9.5328,-5.88,-6.8438
-6.1995,-8.8371,-12.218
-12.039,-2.7588,-12.692
-12.747,-9.1312,-12.404
-9.455,-12.742,-13.271
-2.9023,-11.999,-13.552
-9.402,-6.155,-12.307
-12.697,-11.468,-2.7705
-6.1413,-6.7053,-2.9515
-5.297,-12.283,3.4885
-12.645,-5.5456,3.6115
-0.7927,-12.39,3.8435
-12.212,-12.897,3.6995
-5.886,-12.896,-3.0435
-12.059,-6.5193,-2.9385
-9.6209,-13.44,-6.0175
-3.0866,-12.495,-6.1175
-9.5332,-5.8787,6.3335
-12.272,-9.5521,-6.3895
-6.1999,-8.8358,0.95946
-12.039,-2.7575,0.48546
-7.0082,-9.5662,-6.0165
-12.951,-3.0057,-6.0475
-12.748,-9.1299,0.77346
-9.4555,-12.74,-0.093539
-2.9027,-11.997,-0.37454
-9.4024,-6.1537,0.87046
-12.697,-11.466,10.407
-6.1417,-6.7039,10.226
-5.8864,-12.895,10.134
-12.059,-6.518,10.239
-9.6214,-13.439,7.1597
-3.087,-12.494,7.0597
-12.272,-9.5508,6.7877
-6.2004,-8.8345,14.137
-12.04,-2.7562,13.663
-7.0086,-9.5649,7.1607
-12.951,-3.0044,7.1297
-12.748,-9.1286,13.951
-9.4559,-12.739,13.084
-2.9031,-11.996,12.803
-9.4029,-6.1524,14.048
-13.395,0.21213,-9.3357
-13.395,0.21345,3.8416
6.7162,-12.282,-9.7183
12.632,-5.4782,-9.5643
13.065,-12.829,-9.4763
6.4758,-6.3395,-9.5443
2.878,-12.727,-6.7593
6.6129,-9.0124,-13.241
13.238,-2.6901,-12.69
12.529,-9.0626,-12.402
3.1693,-11.965,-12.151
9.6641,-5.7773,-13.18
9.5085,-11.812,-12.947
12.58,-11.399,-2.7691
6.7157,-12.281,3.4589
12.631,-5.4769,3.6129
13.064,-12.828,3.7009
6.4753,-6.3382,3.6329
5.0809,-12.487,-2.9971
13.218,-6.4506,-2.9371
2.8776,-12.726,6.4179
9.3016,-6.8353,-6.2771
9.2253,-12.243,-5.8141
13.005,-9.4834,-6.3881
6.6125,-9.011,-0.064097
13.237,-2.6888,0.4869
5.4734,-9.2903,-6.1901
12.326,-2.937,-6.0461
12.529,-9.0612,0.7749
3.1689,-11.964,1.0259
9.6637,-5.776,-0.003097
9.5081,-11.81,0.2299
12.579,-11.398,10.408
5.0805,-12.486,10.18
13.217,-6.4493,10.24
9.3012,-6.834,6.9001
9.2248,-12.242,7.3631
13.004,-9.4821,6.7891
6.6121,-9.0097,13.113
13.237,-2.6875,13.664
5.4729,-9.289,6.9871
12.325,-2.9357,7.1311
12.528,-9.0599,13.952
3.1685,-11.963,14.203
9.6632,-5.7747,13.174
9.5077,-11.809,13.407
-0.0045163,-5.1993,-9.7022
-5.8862,0.32183,-9.7202
7.3777,0.3883,-9.6892
0.029425,7.1256,-9.5662
-5.124,-4.99,-9.5932
11.882,0.28082,-9.3342
0.46217,-0.22547,-9.4782
-6.1266,6.2644,-9.5462
-9.7244,-0.12365,-6.7612
3.1414,6.7926,-6.8442
0.10579,-9.1647,-7.1212
6.5864,-3.0334,-7.0632
-0.62748,-2.8241,-13.958
-5.9895,3.5915,-13.243
6.4747,3.8354,-12.218
0.63542,9.9137,-12.692
0.082458,-8.9391,-12.721
-6.2893,-2.59,-13.258
6.5617,-2.6155,-12.954
-0.073106,3.5413,-12.404
-2.8421,-6.0259,-13.381
-9.4331,0.63862,-12.153
3.2192,-0.069198,-13.271
-2.9383,6.8265,-13.182
3.3118,-6.2429,-12.628
-3.0939,0.79206,-12.949
9.7719,0.67397,-13.552
3.2722,6.5175,-12.307
-0.022627,1.2049,-2.771
6.1794,-5.089,-3.268
6.533,5.9673,-2.952
0.62579,-11.452,-2.863
-0.0049497,-5.1979,3.475
-5.8867,0.32315,3.457
7.3772,0.38962,3.488
0.028991,7.1269,3.611
-5.1244,-4.9886,3.584
11.882,0.28214,3.843
0.46174,-0.22415,3.699
-6.1271,6.2657,3.631
-0.4476,-6.7946,-3.334
-7.5215,0.11667,-2.999
6.7882,-0.22345,-3.044
0.61518,6.1532,-2.939
-3.3262,-6.3258,-6.021
-9.7248,-0.12233,6.416
3.0533,-0.76792,-6.018
-3.3008,5.7686,-6.279
2.8496,-5.3471,-6.219
-3.3771,0.36062,-5.816
9.5877,0.17748,-6.118
3.141,6.7939,6.333
0.10536,-9.1634,6.056
-6.6822,-3.1113,-6.022
6.586,-3.0321,6.114
0.40234,3.1205,-6.39
-0.62791,-2.8228,-0.781
-5.9899,3.5928,-0.066
6.4743,3.8368,0.959
0.63498,9.9151,0.485
-1.0338,-2.9387,-5.708
-7.1291,3.3135,-6.192
5.666,3.1063,-6.017
-0.27648,9.6669,-6.048
0.082024,-8.9378,0.456
-6.2897,-2.5887,-0.081
6.5612,-2.6142,0.223
-0.073539,3.5426,0.773
-2.8426,-6.0245,-0.204
-9.4335,0.63993,1.024
3.2188,-0.067882,-0.094
-2.9387,6.8278,-0.005
3.3114,-6.2416,0.549
-3.0943,0.79337,0.228
9.7715,0.67529,-0.375
3.2718,6.5188,0.87
-0.023061,1.2062,10.406
6.179,-5.0877,9.9092
6.5325,5.9686,10.225
0.62536,-11.45,10.314
-0.44803,-6.7933,9.8432
-7.5219,0.11799,10.178
6.7878,-0.22213,10.133
0.61475,6.1546,10.238
-3.3267,-6.3245,7.1562
3.0529,-0.7666,7.1592
-3.3012,5.7699,6.8982
2.8492,-5.3458,6.9582
-3.3776,0.36194,7.3612
9.5872,0.1788,7.0592
-6.6826,-3.11,7.1552
0.40191,3.1218,6.7872
-0.62834,-2.8215,12.396
-5.9903,3.5941,13.111
6.4738,3.8381,14.136
0.63455,9.9164,13.662
-1.0342,-2.9374,7.4692
-7.1295,3.3148,6.9852
5.6656,3.1076,7.1602
-0.27691,9.6682,7.1292
0.081591,-8.9365,13.633
-6.2901,-2.5874,13.096
6.5608,-2.6129,13.4
-0.073973,3.5439,13.95
-2.843,-6.0232,12.973
-9.4339,0.64125,14.201
3.2183,-0.066566,13.083
-2.9392,6.8291,13.172
3.3109,-6.2403,13.726
-3.0947,0.79469,13.405
9.7711,0.6766,12.802
3.2713,6.5201,14.047
-12.607,7.4046,-9.7041
-5.2247,12.992,-9.6911
-0.72045,12.885,-9.3361
-12.14,12.378,-9.4801
-12.497,3.4391,-7.1231
-6.016,9.5705,-7.0651
-13.23,9.7798,-13.96
-12.52,3.6647,-12.723
-6.0407,9.9884,-12.956
-9.3832,12.535,-13.273
-9.2906,6.3609,-12.63
-2.8305,13.278,-13.554
-12.625,13.809,-2.7729
-6.423,7.5148,-3.2699
-11.977,1.1523,-2.8649
-12.607,7.4059,3.4731
-5.2252,12.993,3.4861
-0.72089,12.886,3.8411
-12.141,12.38,3.6971
-13.05,5.8093,-3.3359
-5.8142,12.38,-3.0459
-9.5491,11.836,-6.0199
-9.7528,7.2567,-6.2209
-3.0147,12.781,-6.1199
-12.497,3.4404,6.0541
-6.0164,9.5718,6.1121
-13.23,9.7811,-0.7829
-13.636,9.6651,-5.7099
-12.52,3.666,0.4541
-6.0412,9.9897,0.2211
-9.3837,12.536,-0.095903
-9.291,6.3622,0.5471
-2.8309,13.279,-0.3769
-12.625,13.81,10.404
-6.4234,7.5161,9.9073
-11.977,1.1536,10.312
-13.05,5.8106,9.8413
-5.8146,12.382,10.131
-9.5495,11.837,7.1573
-9.7532,7.258,6.9563
-3.0152,12.783,7.0573
-13.231,9.7824,12.394
-13.637,9.6664,7.4673
-12.521,3.6673,13.631
-6.0416,9.991,13.398
-9.3841,12.537,13.081
-9.2915,6.3635,13.724
-2.8313,13.28,12.8
12.67,7.4733,-9.7027
6.788,12.994,-9.7207
7.5502,7.6826,-9.5937
13.136,12.447,-9.4787
2.9498,12.549,-6.7617
12.78,3.5078,-7.1217
12.047,9.8484,-13.959
12.757,3.7334,-12.722
6.3849,10.082,-13.259
9.8321,6.6467,-13.382
3.2411,13.311,-12.154
9.5803,13.465,-12.95
12.652,13.877,-2.7715
13.3,1.2209,-2.8635
12.669,7.4746,3.4745
6.7875,12.996,3.4565
7.5498,7.6839,3.5835
13.136,12.448,3.6985
12.227,5.8779,-3.3345
5.1527,12.789,-2.9995
9.348,6.3468,-6.0215
2.9494,12.55,6.4155
9.2971,13.033,-5.8165
12.78,3.5091,6.0555
5.9921,9.5613,-6.0225
12.046,9.8498,-0.78146
11.64,9.7338,-5.7085
12.756,3.7347,0.45554
6.3845,10.084,-0.081461
9.8316,6.648,-0.20446
3.2407,13.312,1.0235
9.5799,13.466,0.22754
12.651,13.879,10.406
13.3,1.2223,10.314
12.226,5.8793,9.8428
5.1523,12.791,10.178
9.3475,6.3481,7.1558
9.2966,13.034,7.3608
5.9916,9.5626,7.1548
12.046,9.8511,12.396
11.64,9.7351,7.4688
12.756,3.736,13.633
6.3841,10.085,13.096
9.8312,6.6493,12.973
3.2403,13.314,14.201
9.5795,13.467,13.405
0.6976,13.825,-2.8654
0.69716,13.826,10.312
0,0,0
0.17041,-5.9362,0.51
-0.20718,-0.14496,-6.198
-6.3569,0.56286,0.418
6.4573,0.39174,0.697
0.13223,6.5174,0.429
-0.20762,-0.14364,6.9792
6.0967,0.17253,-5.885
6.2706,-5.8223,0.336
-0.30476,-5.7947,-6.403
-6.4396,-5.8244,0.98
-6.4495,0.19163,-5.909
-0.3052,-5.7934,6.7742
0.10748,6.4078,-6.226
-6.3318,6.7815,0.3341
6.2346,6.8481,0.97954
0.10705,6.4091,6.9512
6.0962,0.17385,7.2922
-6.45,0.19294,7.2682
6.1745,-6.0344,-6.35
6.0415,6.6086,-5.925
-6.6327,-6.0639,-5.9245
6.174,-6.0331,6.8272
-6.4279,6.5694,-6.3519
-6.4284,6.5707,6.8253
6.0411,6.6099,7.2522
-6.6331,-6.0626,7.2527
-0.060104,-12.239,0.881
12.614,0.43322,0.88054
-12.663,0.36454,0.8791
0.011704,13.037,0.87864
0.00043346,-0.0013159,-13.177
-0.00043346,0.0013159,13.177
0.097581,-11.915,-5.917
6.2455,-12.041,0.4199
-6.2169,-12.281,0.69746
-12.505,0.6891,-5.9189
0.097147,-11.913,7.2602
-12.542,-6.1551,0.42946
0.17085,-5.9375,-12.667
6.4577,0.39042,-12.48
12.772,0.75778,-5.9175
-12.432,6.6677,0.5081
12.735,-6.0864,0.4309
-6.3565,0.56154,-12.759
0.13266,6.5161,-12.748
-6.1451,12.996,0.6951
-12.505,0.69041,7.2583
12.845,6.7364,0.50954
0.16939,13.362,-5.9194
6.3173,13.235,0.41754
12.771,0.7591,7.2598
0.16998,-5.9348,13.687
-6.4392,-5.8258,-12.197
-6.3573,0.56417,13.595
6.1529,-12.412,-5.9071
0.1318,6.5187,13.606
0.16896,13.363,7.2579
-6.5775,-12.5,-5.8845
6.4569,0.39305,13.874
6.235,6.8468,-12.198
-12.567,-6.2647,-6.2255
6.2711,-5.8236,-12.841
12.71,-6.196,-6.2241
6.2247,12.864,-5.9095
-6.5057,12.776,-5.8869
12.369,6.8778,-6.4035
6.1524,-12.411,7.2701
-12.567,-6.2634,6.9517
12.369,6.8791,6.7738
12.709,-6.1947,6.9531
-6.3313,6.7802,-12.843
-6.578,-12.499,7.2927
-12.907,6.8091,-6.4049
6.2702,-5.821,13.513
6.2243,12.865,7.2678
-6.5062,12.778,7.2903
-12.908,6.8104,6.7723
-6.3322,6.7828,13.511
-6.4401,-5.8231,14.157
6.2342,6.8494,14.157
-0.059671,-12.241,-12.296
12.615,0.43191,-12.297
-12.662,0.36322,-12.298
12.602,-12.604,0.001903
-12.602,12.604,-0.001903
0.012137,13.036,-12.299
-12.674,-12.673,0.000461
12.674,12.673,-0.000461
-6.2165,-12.282,-12.48
6.2459,-12.042,-12.757
-0.060538,-12.238,14.058
12.467,12.528,-6.1985
12.395,-12.749,-6.1961
12.614,0.43454,14.058
-12.542,-6.1564,-12.748
-12.81,12.459,-6.1999
-12.663,0.36585,14.056
-12.432,6.6664,-12.669
12.467,12.529,6.9788
12.735,-6.0878,-12.746
-6.1447,12.994,-12.482
12.395,-12.747,6.9811
0.011271,13.038,14.056
-12.81,12.46,6.9773
-12.881,-12.817,-6.1975
6.2451,-12.04,13.597
12.845,6.7351,-12.668
6.3178,13.234,-12.76
-12.882,-12.816,6.9797
-12.542,-6.1538,13.607
-6.2173,-12.279,13.875
12.734,-6.0851,13.608
-12.432,6.669,13.685
12.844,6.7377,13.687
-6.1455,12.997,13.872
6.3169,13.237,13.595
-12.603,12.605,13.175
12.603,-12.605,-13.175
-12.602,12.603,-13.179
12.602,-12.603,13.179
-12.675,-12.671,13.178
12.675,12.671,-13.178
-12.674,-12.674,-13.177
12.674,12.674,13.177
