-9.889,-9.4643,-9.7247
-8.8743,-9.2924,-2.8246
-9.889,-9.4643,3.1614
-10.597,-2.5806,-3.5866
-8.8743,-9.2924,10.062
-10.597,-2.5806,9.2996
10.191,-10.306,-8.9698
9.7445,-3.8528,-2.9606
10.826,-9.8427,-3.0976
10.191,-10.306,3.9164
9.7445,-3.8528,9.9255
10.826,-9.8427,9.7885
3.0929,-9.01,-9.4321
-4.0411,-3.9011,-9.2901
9.5,-3.8049,-9.1081
3.2739,3.2569,-9.5521
2.885,-4.4505,-9.5851
-2.7457,2.6311,-9.1461
-2.1206,-10.008,-8.9711
-9.249,-3.3842,-9.2761
2.1595,-9.7581,-2.488
-3.3651,-4.0171,-3.186
-3.1926,9.0842,-3.137
4.2886,3.4288,-2.652
3.0929,-9.01,3.454
-4.0411,-3.9011,3.596
9.5,-3.8049,3.778
3.2739,3.2569,3.334
2.4282,-2.9797,-2.15
-2.1114,3.0943,-3.274
-2.2302,-9.2758,-2.836
2.5661,10.141,-3.414
2.885,-4.4505,3.301
-2.7457,2.6311,3.74
-2.1206,-10.008,3.915
-9.249,-3.3842,3.61
2.1595,-9.7581,10.398
-3.3651,-4.0171,9.7001
-3.1926,9.0842,9.7491
4.2886,3.4288,10.234
2.4282,-2.9797,10.736
-2.1114,3.0943,9.6121
-2.2302,-9.2758,10.05
2.5661,10.141,9.4721
-9.8442,3.9271,-9.6085
-3.4371,9.1321,-9.2845
-10.052,8.4865,-9.7615
-10.778,3.179,-2.6644
-9.8442,3.9271,3.2776
-3.4371,9.1321,3.6016
-10.509,9.9573,-2.3264
-10.052,8.4865,3.1246
-10.778,3.179,10.222
-10.509,9.9573,10.56
9.1217,8.8201,-9.1176
11.042,2.7135,-8.7986
3.9139,9.337,-9.1036
9.7977,8.7041,-3.0134
9.1217,8.8201,3.7686
10.933,3.4454,-2.6634
11.042,2.7135,4.0876
3.9139,9.337,3.7826
9.7977,8.7041,9.8727
10.933,3.4454,10.223
-9.9667,-10.566,-8.7117
-3.6798,-9.9458,-2.8706
-10.141,-3.072,-2.2406
-9.2674,-9.1581,-4.2586
-9.9667,-10.566,4.1744
-3.6798,-9.9458,10.016
-10.141,-3.072,10.646
-9.2674,-9.1581,8.6276
8.8323,-10.329,-9.6248
4.1074,-9.6002,-8.5198
10.647,-3.9363,-8.3038
9.4864,-10.349,-2.7196
8.8323,-10.329,3.2614
10.016,-3.3536,-1.5636
4.1074,-9.6002,4.3664
10.647,-3.9363,4.5824
9.4864,-10.349,10.166
10.016,-3.3536,11.322
-2.873,-9.8592,-10.257
-8.1713,-4.3657,-9.6641
2.5746,-2.9932,-9.5041
-4.1048,2.6085,-9.8011
-3.054,-2.7952,-9.5621
-8.8296,3.3368,-8.6961
3.1961,2.1553,-8.5391
-2.2903,9.0008,-8.4801
9.483,2.7754,-2.698
3.0222,9.6492,-2.068
3.1502,-3.433,-3.4
-3.4507,2.588,-2.896
-2.873,-9.8592,2.629
-8.1713,-4.3657,3.222
2.5746,-2.9932,3.382
-4.1048,2.6085,3.085
-3.5956,-3.3962,-1.839
3.3616,-8.9095,-2.84
3.8955,3.5631,-4.086
-2.9211,9.5834,-1.74
-3.054,-2.7952,3.324
-8.8296,3.3368,4.19
3.1961,2.1553,4.347
-2.2903,9.0008,4.406
9.483,2.7754,10.188
3.0222,9.6492,10.818
3.1502,-3.433,9.4861
-3.4507,2.588,9.9901
-3.5956,-3.3962,11.047
3.3616,-8.9095,10.046
3.8955,3.5631,8.8001
-2.9211,9.5834,11.146
-10.362,9.9439,-9.6805
-9.7869,9.504,-3.5764
-10.362,9.9439,3.2056
-9.5755,4.0275,-3.0164
-9.7869,9.504,9.3098
-9.5755,4.0275,9.8698
10.29,2.862,-10.085
4.9915,8.3555,-9.4916
10.109,9.926,-9.3896
10.29,2.862,2.8016
4.9915,8.3555,3.3946
9.5672,9.325,-1.6664
10.109,9.926,3.4966
9.5672,9.325,11.22
-10.124,-12.278,-13.543
-3.6615,-12.885,-11.422
-9.5849,-6.0405,-12.751
-2.8306,-13.355,-6.6897
-9.8013,-6.5538,-6.6477
-13.778,-9.4855,-12.715
-12.854,-9.885,-6.5127
-5.8132,-9.6863,-12.432
-13.004,-3.1491,-13.247
-6.0656,-9.8652,-6.2717
-7.646,-13.451,-9.0247
-12.689,-6.7278,-9.5217
-12.784,-12.725,-9.8917
-6.2184,-7.4285,-9.2897
-10.124,-12.278,-0.65655
-9.7044,-12.824,-5.4026
-3.6615,-12.885,1.4644
-9.5849,-6.0405,0.13545
-2.8306,-13.355,6.1964
-9.8013,-6.5538,6.2384
-13.778,-9.4855,0.17145
-12.854,-9.885,6.3734
-5.8132,-9.6863,0.45445
-13.004,-3.1491,-0.36055
-6.0656,-9.8652,6.6144
-13.353,-3.3075,-5.6366
-5.8712,-12.874,-2.9396
-12.258,-7.343,-3.0406
-7.646,-13.451,3.8614
-12.689,-6.7278,3.3644
-14.419,-13.428,-3.0696
-0.89738,-12.993,-3.3266
-12.784,-12.725,2.9944
-6.2184,-7.4285,3.5964
-10.124,-12.278,12.23
-9.7044,-12.824,7.4836
-3.6615,-12.885,14.351
-9.5849,-6.0405,13.022
-13.778,-9.4855,13.058
-5.8132,-9.6863,13.341
-13.004,-3.1491,12.526
-13.353,-3.3075,7.2496
-5.8712,-12.874,9.9466
-12.258,-7.343,9.8456
-14.419,-13.428,9.8166
-0.89738,-12.993,9.5596
-13.834,-0.055699,-3.5029
-13.834,-0.055699,9.3832
3.4717,-12.981,-13.47
9.8081,-6.2669,-11.812
3.4257,-11.473,-5.7058
10.005,-6.6381,-6.0788
9.6829,-13.135,-11.908
10.009,-13.72,-6.4508
12.322,-9.7013,-12.366
13.246,-10.101,-6.1638
5.8094,-9.7763,-12.091
13.096,-3.3649,-12.898
7.703,-10.15,-5.7478
6.2973,-12.873,-8.6748
13.411,-6.9436,-9.1728
13.316,-12.941,-9.5428
0.98269,-13.117,-9.4838
3.4717,-12.981,-0.58364
9.8081,-6.2669,1.0744
3.4257,-11.473,7.1804
10.005,-6.6381,6.8074
9.6829,-13.135,0.97836
10.009,-13.72,6.4354
12.322,-9.7013,0.52036
13.246,-10.101,6.7224
5.8094,-9.7763,0.79536
13.096,-3.3649,-0.011643
7.703,-10.15,7.1384
12.747,-3.5233,-5.2876
7.266,-13.02,-2.6676
13.842,-7.5588,-2.6916
6.2973,-12.873,4.2114
13.411,-6.9436,3.7134
7.9215,-7.2003,-2.3356
11.681,-13.643,-2.7206
13.316,-12.941,3.3434
0.98269,-13.117,3.4024
3.4717,-12.981,12.302
9.8081,-6.2669,13.96
9.6829,-13.135,13.864
12.322,-9.7013,13.406
5.8094,-9.7763,13.681
13.096,-3.3649,12.874
12.747,-3.5233,7.5985
7.266,-13.02,10.218
13.842,-7.5588,10.194
7.9215,-7.2003,10.55
11.681,-13.643,10.165
-2.9691,-6.5966,-12.377
-9.4653,-0.043841,-13.646
3.0384,0.44336,-13.37
-3.1289,6.6701,-11.988
-9.5113,1.4644,-5.8821
-2.9317,6.2989,-6.2551
3.5603,-6.4552,-13.033
-3.2541,-0.19799,-12.084
9.5014,-0.16334,-11.249
3.578,6.6807,-12.578
-2.9281,-0.78277,-6.6271
10.332,-0.63357,-6.5171
3.3616,6.1674,-6.4751
-0.15132,-9.4455,-12.497
-6.1144,-3.5292,-12.528
6.2727,-3.2817,-12.803
-0.61518,3.2357,-12.542
0.26163,-10.032,-6.2881
-6.4375,-3.479,-6.8101
0.30901,2.8362,-6.3401
-0.072125,-3.199,-11.961
-7.1276,3.1608,-12.267
7.3497,3.0349,-12.259
0.1591,9.5721,-13.074
0.8556,-3.5822,-6.5611
-5.234,2.7874,-5.9241
7.0972,2.856,-6.0991
-0.42497,-6.0691,-8.8951
-6.6397,0.06364,-8.8511
5.5168,-0.72973,-8.8521
0.47376,5.9934,-9.3491
6.5471,-6.4071,-9.1121
0.37901,-0.0042426,-9.7191
-11.954,-0.17961,-9.6601
6.9445,5.2927,-9.1171
-2.9691,-6.5966,0.509
-9.4653,-0.043841,-0.76
3.0384,0.44336,-0.484
-3.1289,6.6701,0.898
-3.2789,-7.0364,-5.464
-9.5113,1.4644,7.004
3.4585,-0.10253,-5.23
-2.9317,6.2989,6.631
3.5603,-6.4552,-0.147
-3.2541,-0.19799,0.802
9.5014,-0.16334,1.637
3.578,6.6807,0.308
3.1445,-6.8285,-5.561
-2.9281,-0.78277,6.259
10.332,-0.63357,6.369
3.3616,6.1674,6.411
-0.15132,-9.4455,0.389
-6.1144,-3.5292,0.358
6.2727,-3.2817,0.083
-0.61518,3.2357,0.344
0.26163,-10.032,6.598
-6.4375,-3.479,6.076
6.919,-3.5914,-5.608
0.30901,2.8362,6.546
-0.072125,-3.199,0.925
-7.1276,3.1608,0.619
7.3497,3.0349,0.627
0.1591,9.5721,-0.188
0.8556,-3.5822,6.325
-5.234,2.7874,6.962
7.0972,2.856,6.787
-0.19021,9.4137,-5.464
-0.15132,-6.3951,-2.554
-5.671,-0.083439,-2.844
7.2917,-0.15274,-2.767
0.9051,5.3783,-2.868
-0.42497,-6.0691,3.991
-6.6397,0.06364,4.035
5.5168,-0.72973,4.034
0.47376,5.9934,3.537
-5.0155,5.7368,-2.512
-1.2565,-0.7064,-2.897
12.265,-0.27153,-3.154
-7.2372,-5.5501,-3.197
6.5471,-6.4071,3.774
0.37901,-0.0042426,3.167
-11.954,-0.17961,3.226
6.9445,5.2927,3.769
-2.9691,-6.5966,13.395
-9.4653,-0.043841,12.126
3.0384,0.44336,12.402
-3.1289,6.6701,13.784
-3.2789,-7.0364,7.4221
3.4585,-0.10253,7.6561
3.5603,-6.4552,12.739
-3.2541,-0.19799,13.688
3.578,6.6807,13.194
3.1445,-6.8285,7.3251
-0.15132,-9.4455,13.275
-6.1144,-3.5292,13.244
6.2727,-3.2817,12.969
-0.61518,3.2357,13.23
6.919,-3.5914,7.2781
-0.072125,-3.199,13.811
-7.1276,3.1608,13.505
7.3497,3.0349,13.513
0.1591,9.5721,12.698
-0.19021,9.4137,7.4221
-0.15132,-6.3951,10.332
-5.671,-0.083439,10.042
7.2917,-0.15274,10.119
0.9051,5.3783,10.018
-5.0155,5.7368,10.374
-1.2565,-0.7064,9.9891
12.265,-0.27153,9.7321
-7.2372,-5.5501,9.6891
-9.8986,13.38,-13.546
-9.3768,6.4819,-13.209
-3.4356,12.774,-11.425
-2.6048,12.303,-6.6935
-13.088,3.4915,-12.673
-6.6643,9.6554,-12.979
-12.675,2.9046,-6.4645
-13.009,9.7381,-12.137
-12.081,9.3548,-6.7375
-13.362,6.8679,-9.0715
-7.4202,12.207,-9.0285
-6.3899,6.5299,-9.2885
-12.558,12.933,-9.8955
-9.8986,13.38,-0.66036
-9.4786,12.835,-5.4064
-9.3768,6.4819,-0.32336
-3.4356,12.774,1.4606
-9.7925,6.1085,-5.7374
-2.6048,12.303,6.1926
-13.088,3.4915,0.21264
-6.6643,9.6554,-0.093357
-12.675,2.9046,6.4216
-6.018,9.3456,-5.7844
-13.009,9.7381,0.74864
-12.081,9.3548,6.1486
-13.088,6.542,-2.7304
-5.6454,12.784,-2.9434
-13.362,6.8679,3.8146
-7.4202,12.207,3.8576
-14.194,12.231,-3.0734
-0.67156,12.666,-3.3304
-6.3899,6.5299,3.5976
-12.558,12.933,2.9906
-9.8986,13.38,12.226
-9.4786,12.835,7.4798
-9.3768,6.4819,12.563
-3.4356,12.774,14.347
-9.7925,6.1085,7.1488
-13.088,3.4915,13.099
-6.6643,9.6554,12.793
-6.018,9.3456,7.1018
-13.009,9.7381,13.635
-13.088,6.542,10.156
-5.6454,12.784,9.9428
-14.194,12.231,9.8128
-0.67156,12.666,9.5558
14.146,-0.39544,-9.3112
14.146,-0.39544,3.5749
10.194,6.1246,-12.205
3.6975,12.677,-13.474
3.6516,14.186,-5.7096
9.9088,12.523,-11.912
10.235,11.938,-6.4546
13.012,3.2757,-12.325
7.0485,9.192,-12.356
13.424,2.6888,-6.1156
6.7254,9.2422,-6.6376
13.091,9.5223,-11.789
14.018,9.139,-6.3886
12.738,6.6521,-8.7226
6.5231,12.785,-8.6786
13.542,12.717,-9.5466
1.2085,12.542,-9.4876
10.194,6.1246,0.68155
3.6975,12.677,-0.58745
9.884,5.6848,-5.2914
3.6516,14.186,7.1766
9.9088,12.523,0.97455
10.235,11.938,6.4316
13.012,3.2757,0.56155
7.0485,9.192,0.53055
13.424,2.6888,6.7706
6.7254,9.2422,6.2486
13.091,9.5223,1.0976
14.018,9.139,6.4976
13.012,6.3261,-2.3814
7.4919,12.638,-2.6714
12.738,6.6521,4.1636
6.5231,12.785,4.2076
11.906,12.015,-2.7244
5.9256,7.1711,-3.0244
13.542,12.717,3.3396
1.2085,12.542,3.3986
10.194,6.1246,13.568
3.6975,12.677,12.299
9.884,5.6848,7.5947
9.9088,12.523,13.861
13.012,3.2757,13.448
7.0485,9.192,13.417
13.091,9.5223,13.984
13.012,6.3261,10.505
7.4919,12.638,10.215
11.906,12.015,10.162
5.9256,7.1711,9.8617
6.0274,7.0495,10.195
0,0,0
-0.045962,6.0507,-0.071
0.021213,-0.62367,-6.1161
6.2324,-0.029698,1.287
-6.487,0.28991,-0.171
0.26092,-6.5542,0.671
0.021213,-0.62367,6.77
0.24961,5.8089,6.414
0.24961,5.8089,-6.4721
6.3604,6.2105,0.884
-6.8299,0.17324,-5.7971
6.9275,-0.22274,-5.7651
6.6899,-6.1822,0.435
0.1195,-7.1637,-5.7081
-6.2471,6.7548,0.25864
-6.8024,-6.5107,0.71145
-6.8299,0.17324,7.089
6.9275,-0.22274,7.121
0.1195,-7.1637,7.178
-6.2756,6.0267,-5.232
6.6615,-6.9104,-5.0556
-6.5677,-6.2448,-6.0447
6.5952,6.4764,-5.8721
-6.5677,-6.2448,6.8414
-6.2756,6.0267,7.6541
6.5952,6.4764,7.014
6.6615,-6.9104,7.8305
0.48655,12.498,0.32455
-12.676,-0.22274,0.152
0,0,-12.886
0,0,12.886
0.26074,-13.16,0.32836
6.2324,-0.029698,-11.599
13.424,-0.43857,0.50091
0.18385,12.366,-6.2531
0.26092,-6.5542,-12.215
0.18385,12.366,6.633
-0.045962,6.0507,12.815
6.45,-12.647,0.005357
-12.676,6.3829,0.49464
-6.487,0.28991,12.715
-0.045962,6.0507,-12.957
13.121,-0.57116,-6.0768
-12.979,-0.35533,-6.4257
-12.979,-0.35533,6.4604
-6.9304,-12.751,1.1144
-6.487,0.28991,-13.057
-6.7046,12.907,1.1106
12.891,-6.8863,0.10536
6.6759,13.011,0.001551
-0.041971,-13.292,-6.2493
13.121,-0.57116,6.8094
13.424,6.167,0.84355
-13.209,-6.6705,-0.24355
-0.041971,-13.292,6.6368
6.3604,6.2105,-12.002
0.26092,-6.5542,13.557
6.1071,-12.764,-5.6208
-12.818,5.7733,-5.8845
-6.0095,12.714,-5.9415
-6.8024,-6.5107,-12.175
13.282,5.5575,-5.5356
6.6899,-6.1822,-12.451
6.3329,12.894,-5.6246
6.2324,-0.029698,14.173
-6.2353,-12.944,-5.9377
-6.2471,6.7548,-12.627
-6.0095,12.714,6.9446
-12.818,5.7733,7.0016
6.1071,-12.764,7.2654
-12.913,-6.9123,6.2414
-6.2353,-12.944,6.9484
-6.2471,6.7548,13.145
-12.913,-6.9123,-6.6447
6.3329,12.894,7.2616
6.6899,-6.1822,13.321
13.282,5.5575,7.3506
13.187,-7.1282,-6.2958
13.187,-7.1282,6.5904
6.3604,6.2105,13.77
-6.8024,-6.5107,13.598
0.48655,12.498,-12.562
-12.676,-0.22274,-12.734
-12.676,-0.22274,13.038
0.26074,-13.16,-12.558
0.48655,12.498,13.211
13.424,-0.43857,-12.385
12.937,-12.937,0.17636
-12.937,12.937,-0.17636
-13.163,-12.721,-0.17255
13.163,12.721,0.17255
0.26074,-13.16,13.214
-6.9304,-12.751,-11.772
-6.7046,12.907,-11.775
-12.676,6.3829,-12.391
13.184,12.098,-5.9436
-12.916,12.313,-6.2925
13.424,-0.43857,13.387
-12.916,12.313,6.5936
13.424,6.167,-12.043
6.45,-12.647,-12.881
6.45,-12.647,12.891
13.184,12.098,6.9426
12.891,-6.8863,-12.781
-13.209,-6.6705,12.643
6.6759,13.011,-12.885
6.6759,13.011,12.888
-12.676,6.3829,13.381
12.891,-6.8863,12.991
12.958,-13.561,-5.9398
-13.142,-13.345,-6.2887
-13.209,-6.6705,-13.13
-13.142,-13.345,6.5974
12.958,-13.561,6.9464
-6.9304,-12.751,14.001
13.424,6.167,13.73
-6.7046,12.907,13.997
12.937,-12.937,-12.71
-12.937,12.937,12.71
-13.163,-12.721,12.714
13.163,12.721,-12.714
12.937,-12.937,13.062
-12.937,12.937,-13.062
-13.163,-12.721,-13.059
13.163,12.721,13.059
