-4.238,-9.2387,-8.8938
-9.0032,-10.679,-8.9048
-4.2384,-9.2374,4.2835
-9.0036,-10.678,4.2725
-3.4062,-9.4531,-3.6575
-9.4208,-3.9673,-2.9095
-8.9803,-9.3322,-3.1635
-3.4066,-9.4518,9.5197
-9.4212,-3.966,10.268
-8.9807,-9.3308,10.014
9.6181,-9.9387,-9.4153
9.3006,-3.516,-10.252
9.6177,-9.9373,3.7619
9.3002,-3.5147,2.9249
8.8392,-9.1008,-3.2231
3.8329,-8.678,-3.0301
9.8906,-3.432,-3.1251
8.8387,-9.0995,9.9541
3.8324,-8.6767,10.147
9.8902,-3.4306,10.052
8.4362,3.4338,-8.8942
-9.1672,-3.2689,-9.4852
3.7424,-3.4562,-10.061
-2.9843,2.6652,-9.4172
2.7214,-8.6747,-9.4602
-2.6434,-2.5561,-9.8392
-3.3018,9.0878,-10.254
3.671,1.9934,-8.9052
8.4358,3.4351,4.283
-9.1676,-3.2675,3.692
3.742,-3.4549,3.116
-2.9847,2.6665,3.76
2.7209,-8.6734,3.717
-2.6439,-2.5548,3.338
-3.3022,9.0892,2.923
3.6706,1.9947,4.272
2.6898,-3.8495,-2.846
-3.7632,3.503,-3.225
9.268,3.2195,-3.658
3.2534,8.7052,-2.91
-8.7695,3.9259,-3.032
-3.8749,-2.6333,-3.232
-2.7118,9.1719,-3.127
3.6939,3.3404,-3.164
2.6894,-3.8482,10.331
-3.7637,3.5043,9.9522
9.2676,3.2208,9.5192
3.253,8.7065,10.267
-8.77,3.9272,10.145
-3.8754,-2.6319,9.9452
-2.7122,9.1732,10.05
3.6935,3.3417,10.013
-8.86,9.1476,-10.063
-9.881,3.9292,-9.4621
-8.8604,9.1489,3.1141
-9.8815,3.9305,3.7151
-9.9126,8.7544,-2.8479
-9.913,8.7557,10.329
3.507,9.4037,-9.4857
10.031,10.116,-9.8397
3.5066,9.405,3.6915
10.03,10.118,3.3375
8.7993,10.039,-3.2325
8.7988,10.041,9.9448
-10.557,-2.814,-9.7138
-9.4826,-9.279,-8.6378
-10.557,-2.8126,3.4635
-9.483,-9.2777,4.5395
-10.008,-9.673,-2.1195
-10.009,-9.6717,11.058
9.3438,-8.9275,-10.5
9.8034,-2.9836,-8.9483
9.3433,-8.9262,2.6769
9.803,-2.9822,4.2289
10.238,-8.5196,-3.2371
10.837,-2.2716,-3.4691
10.237,-8.5183,9.9401
10.837,-2.2703,9.7081
3.9383,-2.0498,-9.6082
-3.2586,3.6763,-10.502
-3.7359,-7.8092,-9.0432
2.1175,9.8586,-9.7142
-2.9991,-2.5695,-11.284
3.6088,-8.715,-10.653
3.1916,3.3935,-8.6382
-2.799,9.6203,-8.9502
3.9379,-2.0485,3.569
-3.2591,3.6777,2.675
-3.7364,-7.8079,4.134
2.1171,9.8599,3.463
-2.9995,-2.5682,1.893
3.6084,-8.7137,2.524
3.1912,3.3948,4.539
-2.7994,9.6216,4.227
-3.3269,-8.9555,-2.236
-8.9965,-3.0922,-1.783
3.7675,-2.7874,-2.895
-2.3646,4.0842,-3.239
-3.3644,-4.0107,-3.569
2.7902,-8.9407,-4.053
2.6658,2.9995,-2.12
-1.7649,10.332,-3.471
-3.3274,-8.9542,10.941
-8.997,-3.0909,11.394
3.767,-2.7861,10.282
-2.365,4.0856,9.9382
-3.3648,-4.0094,9.6082
2.7898,-8.9393,9.1242
2.6654,3.0009,11.057
-1.7654,10.334,9.7062
-8.6641,10.554,-9.6101
-8.9936,3.8889,-10.655
-8.6645,10.555,3.5671
-8.994,3.8902,2.5221
-8.8349,9.8164,-2.8969
-9.8122,3.6632,-4.0549
-8.8354,9.8177,10.28
-9.8126,3.6645,9.1223
8.9383,4.8633,-9.0437
9.6751,10.103,-11.285
8.9379,4.8647,4.1335
9.6747,10.104,1.8925
9.3473,3.717,-2.2365
3.6777,9.5804,-1.7835
9.3098,8.6618,-3.5695
9.3468,3.7183,10.941
3.6773,9.5817,11.394
9.3094,8.6631,9.6078
-5.5037,-12.613,-9.6298
-12.39,-5.6841,-9.4838
-0.60841,-12.662,-9.6128
-12.17,-13.452,-9.4468
-9.5243,-6.1402,-6.7228
-12.086,-9.791,-6.6798
-6.435,-9.2083,-12.368
-12.362,-3.0947,-13.018
-12.617,-9.5689,-12.371
-9.3596,-12.829,-13.452
-3.1533,-12.303,-13.687
-9.5243,-6.2123,-12.511
-12.876,-11.376,-2.8145
-6.3124,-6.3602,-2.9995
-5.5041,-12.612,3.5475
-12.391,-5.6828,3.6935
-0.60885,-12.661,3.5645
-12.17,-13.451,3.7305
-5.7502,-13.199,-3.0835
-12.187,-6.5624,-3.0355
-9.7263,-13.597,-6.1845
-3.1481,-12.732,-6.0995
-9.5248,-6.1389,6.4545
-12.087,-9.7897,6.4975
-6.4354,-9.207,0.80946
-12.362,-3.0934,0.15946
-7.2528,-9.5436,-6.0095
-12.535,-3.2687,-6.2235
-12.617,-9.5676,0.80646
-9.36,-12.827,-0.27454
-3.1537,-12.302,-0.50954
-9.5248,-6.211,0.66646
-12.876,-11.375,10.363
-6.3128,-6.3589,10.178
-5.7507,-13.197,10.094
-12.187,-6.5611,10.142
-9.7267,-13.595,6.9927
-3.1485,-12.731,7.0777
-6.4358,-9.2057,13.987
-12.363,-3.092,13.337
-7.2533,-9.5423,7.1677
-12.535,-3.2674,6.9537
-12.617,-9.5663,13.984
-9.3604,-12.826,12.903
-3.1542,-12.301,12.668
-9.5252,-6.2097,13.844
-13.211,-0.057982,-9.6147
-13.211,-0.056666,3.5626
6.678,-12.227,-9.8613
12.886,-5.6154,-9.4823
13.107,-13.384,-9.4453
6.2855,-6.5311,-9.6443
2.9855,-12.917,-6.8493
13.19,-9.7223,-6.6783
6.4552,-8.9395,-13.442
12.915,-3.026,-13.016
12.66,-9.5003,-12.369
3.0626,-12.021,-11.848
9.4308,-6.0475,-13.238
9.5602,-11.851,-12.979
12.401,-11.308,-2.8131
6.6776,-12.226,3.3159
12.886,-5.6141,3.6949
13.107,-13.382,3.7319
6.2851,-6.5298,3.5329
4.9473,-12.996,-3.3641
13.09,-6.4937,-3.0341
2.985,-12.916,6.3279
9.2854,-6.8148,-6.4261
9.2154,-12.434,-5.9021
13.19,-9.721,6.4989
6.4548,-8.9382,-0.2651
12.914,-3.0247,0.1609
5.3503,-9.3398,-6.3521
12.742,-3.2,-6.2221
12.66,-9.4989,0.8079
3.0621,-12.02,1.3289
9.4303,-6.0461,-0.061097
9.5597,-11.849,0.1979
12.4,-11.306,10.364
4.9468,-12.994,9.8131
13.089,-6.4924,10.143
9.2849,-6.8134,6.7511
9.2149,-12.433,7.2751
6.4544,-8.9369,12.912
12.914,-3.0234,13.338
5.3499,-9.3385,6.8251
12.741,-3.1987,6.9551
12.659,-9.4976,13.985
9.4299,-6.0448,13.116
9.5593,-11.848,13.375
-0.11482,-5.3011,-9.9062
-5.9244,0.37699,-9.8632
7.1705,0.059495,-9.6302
0.28398,6.9884,-9.4842
-5.2371,-4.8966,-9.7092
12.066,0.010705,-9.6132
0.5046,-0.77984,-9.4472
-6.3169,6.0727,-9.6462
-9.6169,-0.31315,-6.8512
3.1499,6.5324,-6.7232
-0.046943,-9.053,-6.8492
6.6826,-3.0857,-7.3182
0.58804,2.8816,-6.6802
-0.7392,-2.8821,-14.409
-6.1472,3.6643,-13.444
6.2392,3.4642,-12.368
0.31227,9.5779,-13.018
0.12701,-9.0912,-12.824
-6.1033,-2.5724,-12.952
6.8261,-2.7541,-12.771
0.057709,3.1036,-12.371
-3.2862,-5.8519,-13.389
-9.5399,0.58275,-11.85
3.3146,-0.15617,-13.452
-3.1716,6.5564,-13.24
3.2043,-6.11,-12.735
-3.0422,0.75317,-12.981
9.5209,0.36921,-13.687
3.1499,6.4602,-12.511
-0.20153,1.2961,-2.815
6.3668,-5.1492,-3.209
6.3618,6.3123,-3
0.44194,-11.712,-2.927
-0.11526,-5.2998,3.271
-5.9248,0.3783,3.314
7.1701,0.060811,3.547
0.28355,6.9898,3.693
-5.2375,-4.8953,3.468
12.065,0.012021,3.564
0.50417,-0.77852,3.73
-6.3173,6.074,3.531
-0.34507,-6.7515,-3.307
-7.6551,-0.39174,-3.366
6.924,-0.52609,-3.084
0.4872,6.1101,-3.036
-3.438,-6.4813,-6.158
-9.6174,-0.31183,6.326
2.9479,-0.92419,-6.185
-3.317,5.7891,-6.428
2.9663,-5.4978,-6.519
-3.387,0.16971,-5.904
9.5261,-0.059397,-6.1
3.1495,6.5337,6.454
-0.047376,-9.0517,6.328
-6.3145,-3.1381,-6.3
6.6822,-3.0844,5.859
0.58761,2.8829,6.497
-0.73963,-2.8808,-1.232
-6.1476,3.6656,-0.267
6.2388,3.4655,0.809
0.31183,9.5792,0.159
-1.13,-3.0985,-5.894
-7.2521,3.264,-6.354
5.4214,3.1289,-6.01
0.1393,9.4038,-6.224
0.12657,-9.0899,0.353
-6.1037,-2.571,0.225
6.8257,-2.7528,0.406
0.057276,3.1049,0.806
-3.2866,-5.8506,-0.212
-9.5403,0.58407,1.327
3.3142,-0.15486,-0.275
-3.1721,6.5577,-0.063
3.2039,-6.1087,0.442
-3.0427,0.75448,0.196
9.5205,0.37052,-0.51
3.1495,6.4615,0.666
-0.20196,1.2974,10.362
6.3664,-5.1478,9.9682
6.3614,6.3137,10.177
0.44151,-11.71,10.25
-0.3455,-6.7501,9.8702
-7.6556,-0.39042,9.8112
6.9236,-0.52477,10.093
0.48676,6.1114,10.141
-3.4384,-6.48,7.0192
2.9475,-0.92287,6.9922
-3.3175,5.7904,6.7492
2.9659,-5.4964,6.6582
-3.3875,0.17102,7.2732
9.5257,-0.058081,7.0772
-6.3149,-3.1368,6.8772
-0.74007,-2.8794,11.945
-6.148,3.667,12.91
6.2384,3.4668,13.986
0.3114,9.5805,13.336
-1.1304,-3.0972,7.2832
-7.2525,3.2653,6.8232
5.421,3.1303,7.1672
0.13887,9.4051,6.9532
0.12614,-9.0885,13.53
-6.1042,-2.5697,13.402
6.8253,-2.7515,13.583
0.056842,3.1062,13.983
-3.2871,-5.8493,12.965
3.3138,-0.15354,12.902
-3.1725,6.559,13.114
3.2035,-6.1074,13.619
-3.0431,0.7558,13.373
9.5201,0.37184,12.667
3.149,6.4629,13.843
-12.717,7.3028,-9.9081
-5.4319,12.663,-9.6321
-0.53661,12.615,-9.6151
-12.098,11.824,-9.4491
-12.649,3.5509,-6.8511
-5.9198,9.5181,-7.3201
-13.342,9.7218,-14.411
-12.475,3.5127,-12.826
-5.7763,9.8498,-12.773
-9.2878,12.448,-13.454
-9.3981,6.4938,-12.737
-3.0815,12.973,-13.689
-12.804,13.9,-2.8169
-6.2356,7.4547,-3.2109
-12.16,0.89204,-2.9289
-12.718,7.3041,3.2691
-5.4323,12.665,3.5451
-0.53704,12.616,3.5621
-12.098,11.825,3.7281
-12.947,5.8524,-3.3089
-5.6784,12.078,-3.0859
-9.6545,11.68,-6.1869
-9.6361,7.1061,-6.5209
-3.0763,12.544,-6.1019
-12.65,3.5522,6.3261
-5.9202,9.5194,5.8571
-13.342,9.7231,-1.2339
-13.732,9.5053,-5.8959
-12.476,3.514,0.3511
-5.7767,9.8511,0.4041
-9.2882,12.449,-0.2769
-9.3985,6.4952,0.4401
-3.0819,12.974,-0.5119
-12.804,13.901,10.36
-6.236,7.456,9.9663
-12.161,0.89335,10.248
-12.948,5.8537,9.8683
-5.6788,12.079,10.091
-9.6549,11.681,6.9903
-9.6365,7.1074,6.6563
-3.0767,12.546,7.0753
-13.342,9.7244,11.943
-13.733,9.5066,7.2813
-12.476,3.5153,13.528
-5.7771,9.8524,13.581
-9.2886,12.45,12.9
-9.3989,6.4965,13.617
-3.0824,12.976,12.665
12.559,7.3715,-9.9067
6.7498,13.05,-9.8637
7.4371,7.7759,-9.7097
13.179,11.893,-9.4477
3.0573,12.359,-6.8517
12.627,3.6195,-6.8497
11.935,9.7905,-14.41
12.801,3.5814,-12.825
6.5709,10.1,-12.953
9.388,6.8206,-13.39
3.1344,13.255,-11.851
9.632,13.426,-12.982
12.473,13.969,-2.8155
13.116,0.96072,-2.9275
12.559,7.3728,3.2705
6.7494,13.051,3.3135
7.4367,7.7772,3.4675
13.178,11.894,3.7295
12.329,5.9211,-3.3075
5.0191,12.281,-3.3665
9.2363,6.1912,-6.1585
3.0569,12.361,6.3255
9.2872,12.842,-5.9045
12.627,3.6209,6.3275
6.3597,9.5344,-6.3005
11.935,9.7918,-1.2325
11.544,9.574,-5.8945
12.801,3.5827,0.35254
6.5705,10.101,0.22454
9.3876,6.8219,-0.21246
3.1339,13.257,1.3265
9.6315,13.427,0.19554
12.472,13.97,10.362
13.116,0.96204,10.25
12.329,5.9224,9.8698
5.0186,12.282,9.8108
9.2358,6.1925,7.0188
9.2867,12.844,7.2728
6.3593,9.5357,6.8768
11.934,9.7931,11.945
11.544,9.5753,7.2828
12.8,3.584,13.53
6.57,10.103,13.402
9.3871,6.8232,12.965
9.6311,13.428,13.373
0.51375,13.565,-2.9294
0.51332,13.566,10.248
9.682,6.2059,12.976
3.2035,11.829,14.481
9.6283,11.99,13.677
0,0,0
-0.047376,-5.8287,0.289
0.098995,6.3668,0.431
-6.4417,0.46528,0.419
-0.079196,-0.15415,-6.511
6.5266,0.46103,0.506
-0.079629,-0.15283,6.6662
6.1568,-0.10112,-5.89
-6.1108,-5.91,0.882
6.3145,-5.828,0.037
-0.11526,-6.1907,-6.364
-6.5521,0.28001,-6.017
0.094045,6.2529,-6.43
0.093612,6.2543,6.7472
-0.11569,-6.1894,6.8132
-6.2879,6.7759,0.035097
6.5634,6.7625,0.88154
6.1563,-0.0998,7.2872
-6.5525,0.28133,7.1602
5.9072,-6.2211,-6.344
6.2961,6.2353,-6.054
-6.3781,-6.4373,-6.0535
5.9067,-6.2198,6.8332
-6.6952,6.3827,-6.3459
6.2956,6.2366,7.1232
-6.6957,6.384,6.8313
-6.3786,-6.436,7.1237
-0.038891,-12.108,0.68
12.635,0.56474,0.67954
-12.641,0.49606,0.6781
0.00043346,-0.0013159,-13.177
-0.00043346,0.0013159,13.177
0.032917,13.169,0.67764
0.082731,-11.992,-5.827
6.1607,-12.139,0.4209
-6.1476,-12.212,0.50646
-12.52,0.61202,-5.8289
12.757,0.68071,-5.8275
0.082298,-11.991,7.3502
-12.575,-6.3057,0.43146
-0.046943,-5.83,-12.888
12.701,-6.2371,0.4329
0.099428,6.3655,-12.746
6.527,0.45972,-12.671
-6.4413,0.46396,-12.758
-12.65,6.7752,0.2871
12.627,6.8439,0.28854
-6.0758,13.065,0.5041
0.15454,13.285,-5.8294
-12.52,0.61334,7.3483
6.2325,13.138,0.41854
-0.04781,-5.8274,13.466
12.757,0.68203,7.3498
-6.1104,-5.9113,-12.295
6.0504,-12.324,-6.0151
0.098561,6.3681,13.608
-6.4422,0.46659,13.596
6.5262,0.46235,13.683
0.15411,13.286,7.3479
-6.4456,12.503,-5.8919
6.0499,-12.323,7.1621
6.5638,6.7612,-12.296
12.559,6.4818,-6.3645
-6.5174,-12.774,-5.8895
-12.58,-6.4196,-6.4295
6.1222,12.953,-6.0175
12.696,-6.3509,-6.4281
-12.718,6.4131,-6.3659
-12.581,-6.4183,6.7477
12.559,6.4831,6.8128
6.3149,-5.8293,-13.14
12.696,-6.3496,6.7491
6.314,-5.8267,13.214
-12.718,6.4144,6.8113
-6.4461,12.504,7.2853
6.1217,12.954,7.1598
-6.2875,6.7746,-13.142
-6.5179,-12.772,7.2877
-6.2884,6.7772,13.212
-6.1113,-5.9087,14.059
6.563,6.7639,14.059
-0.038457,-12.109,-12.497
12.636,0.56343,-12.498
-12.641,0.49474,-12.499
12.602,-12.604,0.001903
-12.602,12.604,-0.001903
-12.674,-12.673,0.000461
12.674,12.673,-0.000461
0.033351,13.167,-12.5
-0.039324,-12.106,13.857
-6.1472,-12.213,-12.671
6.1611,-12.14,-12.756
12.635,0.56606,13.857
-12.642,0.49737,13.855
12.595,12.518,-6.5115
-12.682,12.45,-6.5129
12.595,12.52,6.6658
-12.682,12.451,6.6643
-12.575,-6.3071,-12.746
12.523,-12.758,-6.5091
12.702,-6.2384,-12.744
12.523,-12.757,6.6681
0.032484,13.17,13.855
-6.0754,13.064,-12.673
-12.753,-12.827,-6.5105
6.1602,-12.137,13.598
-12.754,-12.825,6.6667
-12.649,6.7738,-12.89
12.627,6.8425,-12.889
-6.148,-12.21,13.684
6.2329,13.136,-12.759
-12.576,-6.3044,13.609
12.701,-6.2357,13.61
-12.65,6.7765,13.464
12.626,6.8452,13.466
-6.0762,13.066,13.681
6.232,13.139,13.596
12.603,-12.605,-13.175
-12.603,12.605,13.175
12.602,-12.603,13.179
-12.602,12.603,-13.179
-12.675,-12.671,13.178
12.675,12.671,-13.178
12.674,12.674,13.177
-12.674,-12.674,-13.177
