-9.6719,-9.4183,-10.253
-9.8105,-9.7818,-3.4826
-9.6719,-9.4183,2.6334
-3.4797,-10.082,-4.3356
-10.027,-2.5905,-4.0606
-9.8105,-9.7818,9.4036
-3.4797,-10.082,8.5506
-10.027,-2.5905,8.8256
10.245,-9.166,-8.7958
10.104,-3.8429,-3.0586
11.017,-9.9226,-3.2676
10.245,-9.166,4.0904
10.104,-3.8429,9.8275
11.017,-9.9226,9.6185
4.5198,-8.8204,-8.8671
-2.1319,-4.1458,-9.4921
9.43,-3.0066,-9.5021
3.491,3.3029,-10.08
4.1939,-3.5773,-8.5581
-2.692,3.771,-8.9721
-3.0936,-8.4337,-9.3261
-9.0835,-2.9826,-9.8031
2.5534,-9.3812,-3.376
-3.288,-3.7901,-2.892
-2.8334,9.0941,-3.235
3.3524,2.9394,-3.31
4.5198,-8.8204,4.019
-2.1319,-4.1458,3.394
9.43,-3.0066,3.384
3.491,3.3029,2.806
4.1019,-4.2872,-1.801
-1.9198,3.0144,-3.444
9.6831,2.6389,-4.163
3.136,10.131,-3.888
4.1939,-3.5773,4.328
-2.692,3.771,3.914
-3.0936,-8.4337,3.56
-9.0835,-2.9826,3.083
2.5534,-9.3812,9.5101
-3.288,-3.7901,9.9941
-2.8334,9.0941,9.6511
3.3524,2.9394,9.5761
4.1019,-4.2872,11.085
-1.9198,3.0144,9.4421
9.6831,2.6389,8.7231
3.136,10.131,8.9981
-8.4172,4.1166,-9.0435
-3.5071,9.9304,-9.6785
-8.7432,9.3598,-8.7345
-10.384,3.5559,-3.5524
-8.4172,4.1166,3.8426
-3.5071,9.9304,3.2076
-8.8351,8.6499,-1.9774
-8.7432,9.3598,4.1516
-10.384,3.5559,9.3338
-8.8351,8.6499,10.909
11.031,8.5754,-9.3196
10.069,4.2875,-9.1536
4.0794,9.7386,-9.6306
9.8748,8.9311,-2.7194
11.031,8.5754,3.5666
10.069,4.2875,3.7326
4.0794,9.7386,3.2556
9.8748,8.9311,10.167
-3.7477,-9.2868,-10.501
-10.413,-3.7629,-9.9177
-9.2519,-9.984,-8.9127
-3.7477,-9.2868,2.3854
-10.413,-3.7629,2.9684
-8.4062,-10.36,-3.2896
-9.2519,-9.984,3.9734
-8.4062,-10.36,9.5966
11.345,-10.145,-9.0478
9.818,-3.8599,-8.1148
10.221,-10.92,-2.4556
11.345,-10.145,3.8384
3.8182,-9.7819,-3.0336
9.818,-3.8599,4.7714
10.221,-10.92,10.43
3.8182,-9.7819,9.8525
9.4151,3.4344,-10.328
2.7499,8.9583,-9.7451
3.4705,-2.6785,-9.5341
-1.5917,2.7924,-9.2241
-1.1547,-3.0455,-9.1491
3.6805,-9.7616,-9.7021
3.911,2.7372,-8.7401
-3.119,9.0771,-8.2911
-2.8482,-8.9194,-4.601
-8.4789,-3.0172,-3.234
3.0222,-3.8707,-2.739
-2.716,2.0174,-2.632
9.4151,3.4344,2.558
2.7499,8.9583,3.141
3.4705,-2.6785,3.352
-1.5917,2.7924,3.662
-2.361,-2.8447,-2.244
-9.1188,3.1551,-3.21
4.7567,2.361,-3.117
10.228,-2.7266,-2.011
-1.1547,-3.0455,3.737
3.6805,-9.7616,3.184
3.911,2.7372,4.146
-3.119,9.0771,4.595
-2.8482,-8.9194,8.2851
-8.4789,-3.0172,9.6521
3.0222,-3.8707,10.147
-2.716,2.0174,10.254
-2.361,-2.8447,10.642
-9.1188,3.1551,9.6761
4.7567,2.361,9.7691
10.228,-2.7266,10.875
-9.4666,10.259,-9.7105
-9.2565,3.1754,-9.8785
-9.9149,9.0663,-2.9154
-9.4666,10.259,3.1756
-2.7094,10.21,-2.1874
-9.2565,3.1754,3.0076
-9.9149,9.0663,9.9708
-2.7094,10.21,10.699
12.008,9.6757,-8.9766
10.315,3.8018,-4.4284
4.6839,9.704,-3.0614
10.802,9.8765,-2.0714
12.008,9.6757,3.9096
10.315,3.8018,8.4577
4.6839,9.704,9.8247
10.802,9.8765,10.815
-9.8515,-12.784,-13.081
-3.4812,-12.652,-12.497
-9.6599,-6.7009,-12.762
-3.3291,-12.226,-7.6187
-9.3056,-5.7923,-7.5837
-14.345,-9.8956,-12.715
-11.902,-9.2726,-6.6207
-6.0685,-8.8894,-13.833
-12.543,-2.9759,-12.972
-6.6059,-9.0534,-6.6177
-12.851,-2.5608,-7.7727
-7.0542,-12.381,-9.6847
-13.616,-6.423,-9.6037
-11.604,-12.897,-9.4717
-6.6129,-6.5772,-10.372
-9.8515,-12.784,-0.19455
-9.4986,-12.904,-5.5006
-3.4812,-12.652,0.38945
-9.6599,-6.7009,0.12445
-3.3291,-12.226,5.2674
-9.3056,-5.7923,5.3024
-14.345,-9.8956,0.17145
-11.902,-9.2726,6.2654
-6.0685,-8.8894,-0.94655
-12.543,-2.9759,-0.085551
-6.6059,-9.0534,6.2684
-12.851,-2.5608,5.1134
-5.4611,-12.837,-3.4196
-11.597,-5.9514,-3.4826
-7.0542,-12.381,3.2014
-13.616,-6.423,3.2824
-13.198,-13.199,-3.3596
-0.26452,-12.873,-3.3386
-6.3541,-6.0355,-3.5846
-11.604,-12.897,3.4144
-6.6129,-6.5772,2.5144
-9.8515,-12.784,12.692
-9.4986,-12.904,7.3856
-3.4812,-12.652,13.276
-9.6599,-6.7009,13.011
-14.345,-9.8956,13.058
-6.0685,-8.8894,11.94
-12.543,-2.9759,12.801
-5.4611,-12.837,9.4666
-11.597,-5.9514,9.4036
-13.198,-13.199,9.5266
-0.26452,-12.873,9.5476
-6.3541,-6.0355,9.3016
-13.202,0.063802,-3.5149
-13.202,0.063802,9.3712
3.8528,-12.464,-13.762
10.213,-5.284,-12.329
9.9283,-13.95,-11.667
10.595,-13.033,-7.0628
11.755,-10.111,-12.366
14.198,-9.4885,-6.2718
7.7405,-9.4263,-11.494
13.556,-3.1917,-12.623
8.3295,-10.059,-5.7688
13.249,-2.7766,-7.4238
6.6424,-12.835,-9.2058
12.484,-6.6388,-9.2548
7.5058,-6.397,-8.4658
14.496,-13.112,-9.1228
1.5844,-12.793,-9.7378
3.8528,-12.464,-0.87564
10.213,-5.284,0.55736
3.8444,-12.294,-5.6626
10.295,-6.5257,-5.4336
9.9283,-13.95,1.2194
10.595,-13.033,5.8234
11.755,-10.111,0.52036
14.198,-9.4885,6.6144
7.7405,-9.4263,1.3924
13.556,-3.1917,0.26336
8.3295,-10.059,7.1174
13.249,-2.7766,5.4624
7.6953,-13.247,-2.6126
6.6424,-12.835,3.6804
12.484,-6.6388,3.6314
7.2943,-8.1924,-2.3006
12.902,-13.415,-3.0106
7.5058,-6.397,4.4204
14.496,-13.112,3.7634
1.5844,-12.793,3.1484
3.8528,-12.464,12.01
10.213,-5.284,13.443
3.8444,-12.294,7.2235
10.295,-6.5257,7.4525
9.9283,-13.95,14.105
11.755,-10.111,13.406
7.7405,-9.4263,14.278
13.556,-3.1917,13.149
7.6953,-13.247,10.273
7.2943,-8.1924,10.585
12.902,-13.415,9.8755
-2.7358,-6.219,-12.508
-9.0842,0.47305,-13.938
3.3114,-0.062933,-12.908
-2.7245,7.653,-12.505
-2.6283,-5.5671,-6.5651
3.9096,-7.5017,-12.726
-3.0087,-1.0133,-11.843
9.6817,0.069296,-12.324
3.503,6.0203,-12.589
-2.3419,-0.096167,-7.2391
9.8337,0.49568,-7.4461
3.8573,6.9289,-7.4111
-0.42639,-9.7291,-13.586
-7.1184,-2.7386,-12.856
6.8731,-2.9713,-12.484
-1.1823,2.8256,-12.542
0.29133,-9.3635,-6.3841
-5.7544,-3.1565,-6.6581
1.2608,3.4486,-6.4481
0.67882,-3.5044,-12.172
-5.1965,3.5108,-11.67
7.0944,3.8318,-13.66
0.61943,9.7453,-12.799
0.97651,-3.0271,-6.6131
-4.6075,2.8779,-5.9451
6.557,3.6678,-6.4451
0.31183,10.16,-7.6001
1.1476,-6.475,-9.7801
-6.2947,0.10182,-9.3821
6.1087,0.34012,-9.5121
-0.45326,6.2982,-9.4311
-5.4313,6.54,-8.6421
1.5585,-0.17536,-9.2991
-11.353,0.14354,-9.9141
6.5499,6.1441,-10.199
-2.7358,-6.219,0.378
-9.0842,0.47305,-1.052
3.3114,-0.062933,-0.022
-2.7245,7.653,0.381
-2.6283,-5.5671,6.321
-9.0927,0.64276,-5.839
3.6642,-0.18243,-5.328
-2.6425,6.4113,-5.61
3.9096,-7.5017,0.16
-3.0087,-1.0133,1.043
9.6817,0.069296,0.562
3.503,6.0203,0.297
3.969,-6.335,-5.323
-2.3419,-0.096167,5.647
9.8337,0.49568,5.44
3.8573,6.9289,5.475
-0.42639,-9.7291,-0.7
-7.1184,-2.7386,0.03
6.8731,-2.9713,0.402
-1.1823,2.8256,0.344
0.29133,-9.3635,6.502
-5.7544,-3.1565,6.228
6.4891,-3.2605,-5.667
1.2608,3.4486,6.438
0.67882,-3.5044,0.714
-5.1965,3.5108,1.216
7.0944,3.8318,-0.774
0.61943,9.7453,0.087
0.97651,-3.0271,6.273
-4.6075,2.8779,6.941
6.557,3.6678,6.441
0.31183,10.16,5.286
-0.17395,-5.596,-3.228
-5.2418,-0.31042,-2.789
7.7018,-0.11597,-3.247
1.5655,6.7698,-3.31
1.1476,-6.475,3.106
-6.2947,0.10182,3.504
6.1087,0.34012,3.374
-0.45326,6.2982,3.455
-5.6427,4.7447,-2.477
-0.035355,-0.478,-3.187
12.898,-0.15203,-3.166
6.8087,6.6857,-3.412
-5.4313,6.54,4.244
1.5585,-0.17536,3.587
-11.353,0.14354,2.972
6.5499,6.1441,2.687
-2.7358,-6.219,13.264
-9.0842,0.47305,11.834
3.3114,-0.062933,12.864
-2.7245,7.653,13.267
-9.0927,0.64276,7.0471
3.6642,-0.18243,7.5581
-2.6425,6.4113,7.2761
3.9096,-7.5017,13.046
-3.0087,-1.0133,13.929
9.6817,0.069296,13.448
3.503,6.0203,13.183
3.969,-6.335,7.5631
-0.42639,-9.7291,12.186
-7.1184,-2.7386,12.916
6.8731,-2.9713,13.288
-1.1823,2.8256,13.23
6.4891,-3.2605,7.2191
0.67882,-3.5044,13.6
-5.1965,3.5108,14.102
7.0944,3.8318,12.112
0.61943,9.7453,12.973
-0.17395,-5.596,9.6581
-5.2418,-0.31042,10.097
7.7018,-0.11597,9.6391
1.5655,6.7698,9.5761
-5.6427,4.7447,10.409
-0.035355,-0.478,9.6991
12.898,-0.15203,9.7201
6.8087,6.6857,9.4741
-9.6257,12.874,-13.084
-9.0274,5.4353,-12.902
-3.2553,13.006,-12.5
-3.1033,13.433,-7.6225
-13.363,3.208,-13.762
-6.064,9.9658,-12.66
-12.646,3.5735,-6.5605
-12.258,9.4326,-12.348
-11.961,9.9099,-6.7895
-11.789,6.4621,-9.9565
-6.8283,13.277,-9.6885
-11.379,12.762,-9.4755
-9.6257,12.874,-0.19836
-9.2728,12.755,-5.5044
-9.0274,5.4353,-0.016357
-3.2553,13.006,0.38564
-8.968,6.6021,-5.4994
-3.1033,13.433,5.2636
-13.363,3.208,-0.87636
-6.064,9.9658,0.22564
-12.646,3.5735,6.3256
-6.4479,9.6766,-5.8434
-12.258,9.4326,0.53764
-11.961,9.9099,6.0966
-13.111,7.341,-3.4044
-5.2352,12.821,-3.4234
-11.789,6.4621,2.9296
-6.8283,13.277,3.1976
-12.972,12.459,-3.3634
-0.038704,12.785,-3.3424
-11.379,12.762,3.4106
-9.6257,12.874,12.688
-9.2728,12.755,7.3818
-9.0274,5.4353,12.87
-3.2553,13.006,13.272
-8.968,6.6021,7.3868
-13.363,3.208,12.01
-6.064,9.9658,13.112
-6.4479,9.6766,7.0428
-12.258,9.4326,13.424
-13.111,7.341,9.4818
-5.2352,12.821,9.4628
-12.972,12.459,9.5228
-0.038704,12.785,9.5438
10.427,6.5022,-12.336
4.0787,13.194,-13.766
10.535,7.1542,-6.3926
10.154,11.708,-11.671
10.821,12.625,-7.0666
12.736,2.9921,-13.414
6.0444,9.9826,-12.684
13.454,3.3577,-6.2116
7.4084,9.5647,-6.4856
13.842,9.2168,-12
14.139,9.6941,-6.4406
14.31,6.2462,-9.6076
6.8682,12.823,-9.2096
1.8103,12.865,-9.7416
10.427,6.5022,0.55055
4.0787,13.194,-0.87945
10.535,7.1542,6.4936
4.0702,13.364,-5.6664
10.154,11.708,1.2156
10.821,12.625,5.8196
12.736,2.9921,-0.52745
6.0444,9.9826,0.20255
13.454,3.3577,6.6746
7.4084,9.5647,6.4006
13.842,9.2168,0.88655
14.139,9.6941,6.4456
12.989,7.1252,-3.0554
7.9211,12.411,-2.6164
14.31,6.2462,3.2786
6.8682,12.823,3.6766
13.128,12.243,-3.0144
1.8103,12.865,3.1446
10.427,6.5022,13.437
4.0787,13.194,12.007
4.0702,13.364,7.2197
10.154,11.708,14.102
12.736,2.9921,12.359
6.0444,9.9826,13.089
13.842,9.2168,13.773
12.989,7.1252,9.8307
7.9211,12.411,10.27
13.128,12.243,9.8717
1.5566,13.414,-9.3879
1.5566,13.414,3.4982
1.3261,13.575,-9.9929
1.3261,13.575,2.8932
8.0321,12.536,9.9967
11.833,12.155,9.9677
0,0,0
-5.7679,-0.20435,0.253
0.54094,6.359,0.447
0.59326,0.23971,-6.4001
0.59326,0.23971,6.486
0.22274,-6.6744,0.097
6.7005,0.082024,0.285
-6.0832,-5.9715,-0.281
-5.5897,6.5358,1.262
-6.0132,0.086267,-6.3711
-6.0132,0.086267,6.515
0.95459,-6.3215,6.431
0.95459,-6.3215,-6.4551
6.8441,-0.061518,-6.2441
1.0303,6.796,6.4
1.0303,6.796,-6.4861
6.8441,-0.061518,6.642
-5.6017,5.712,-5.346
7.0796,6.7497,-0.10845
7.3474,-6.4013,1.4384
-5.7035,-6.067,6.396
-5.7035,-6.067,-6.4901
-5.6017,5.712,7.5401
7.3353,-7.225,-5.1696
7.4593,6.6542,-6.3176
7.4593,6.6542,6.5686
-12.241,0.61287,0.13664
0.6965,-12.324,0.313
7.3353,-7.225,7.7165
0,0,-12.886
0,0,12.886
0.92232,13.334,0.30919
13.859,0.39704,0.48555
-5.7679,-0.20435,-12.633
0.54094,6.359,-12.439
-0.23765,-12.585,6.3734
-12.622,-6.3622,0.27445
-0.23765,-12.585,-6.5127
-12.714,6.2627,-0.079357
-6.4623,-12.639,0.11245
6.7005,0.082024,-12.601
-5.7679,-0.20435,13.139
12.925,0.13647,-6.3401
0.22274,-6.6744,-12.789
-6.2365,13.019,0.10864
-5.5897,6.5358,-11.624
12.925,0.13647,6.546
-0.011834,13.074,6.3696
7.395,12.517,0.42555
-13.175,0.3523,6.1971
0.22274,-6.6744,12.983
-0.011834,13.074,-6.5165
13.386,6.0468,0.26955
6.7005,0.082024,13.171
-13.175,0.3523,-6.689
0.54094,6.359,13.333
-12.133,-5.9252,6.2274
7.1692,-13.141,0.42936
13.478,-6.578,0.62336
7.3474,-6.4013,-11.448
-11.982,6.6155,6.2546
-12.133,-5.9252,-6.6587
-11.982,6.6155,-6.6315
-6.0832,-5.9715,12.605
-6.093,12.876,-6.4205
-6.3188,-12.783,-6.4167
-6.093,12.876,6.4656
-6.3188,-12.783,6.4694
-6.0832,-5.9715,-13.167
6.9238,-12.851,-6.1948
7.1496,12.807,-6.1986
6.9238,-12.851,6.6914
7.0796,6.7497,12.778
7.1496,12.807,6.6876
7.0796,6.7497,-12.995
13.967,-6.141,-6.3098
-5.5897,6.5358,14.148
13.967,-6.141,6.5764
14.117,6.3997,-6.2826
14.117,6.3997,6.6036
7.3474,-6.4013,14.324
0.6965,-12.324,-12.573
-12.241,0.61287,-12.749
-12.241,0.61287,13.023
0.6965,-12.324,13.199
12.937,-12.937,0.17636
-12.937,12.937,-0.17636
-13.163,-12.721,-0.17255
13.163,12.721,0.17255
0.92232,13.334,-12.577
13.859,0.39704,-12.401
0.92232,13.334,13.195
-12.57,-12.481,6.3134
-12.57,-12.481,-6.5727
-12.622,-6.3622,-12.612
-6.4623,-12.639,-12.774
-12.714,6.2627,12.807
-12.344,13.177,6.3096
7.395,12.517,-12.461
-12.714,6.2627,-12.965
-12.344,13.177,-6.5765
-6.4623,-12.639,12.999
13.859,0.39704,13.372
-6.2365,13.019,-12.777
-12.622,-6.3622,13.161
13.386,6.0468,-12.617
13.478,-6.578,-12.263
-6.2365,13.019,12.995
7.1692,-13.141,-12.457
13.53,-12.697,-6.2238
7.395,12.517,13.312
13.53,-12.697,6.6624
13.386,6.0468,13.156
13.756,12.961,-6.2276
7.1692,-13.141,13.315
13.756,12.961,6.6586
13.478,-6.578,13.509
12.937,-12.937,-12.71
-12.937,12.937,12.71
-13.163,-12.721,12.714
13.163,12.721,-12.714
12.937,-12.937,13.062
-12.937,12.937,-13.062
-13.163,-12.721,-13.059
13.163,12.721,13.059
