-8.928,-7.4958,-9.3044
-9.3551,-3.1075,-9.5304
-10.182,-8.3719,-3.5088
-8.928,-7.4958,2.2052
-9.2653,-3.1025,-3.4818
-9.3551,-3.1075,1.9792
-10.182,-8.3719,8.0009
-9.2653,-3.1025,8.0279
8.6463,-8.8047,-8.825
8.367,-8.2595,-2.9254
8.6463,-8.8047,2.6846
8.367,-8.2595,8.5843
2.3285,-8.0349,-9.2747
-3.1282,-2.1793,-8.7777
8.2647,-2.2557,-8.6407
3.0957,3.8056,-9.0767
2.2585,-3.1183,-8.4057
-3.0087,2.8503,-9.0497
-3.0094,-8.3891,-9.7027
2.6686,8.194,-9.3027
2.2295,-8.1141,-3.089
-3.7059,-1.958,-2.788
7.7669,-2.424,-3.5
1.842,2.9295,-3.281
2.3285,-8.0349,2.235
-3.1282,-2.1793,2.732
8.2647,-2.2557,2.869
3.0957,3.8056,2.433
2.4728,-3.1516,-3.505
-3.288,3.3955,-3.15
-2.8829,-8.3502,-2.72
2.7584,8.1989,-3.254
2.2585,-3.1183,3.104
-3.0087,2.8503,2.46
-3.0094,-8.3891,1.807
2.6686,8.194,2.207
2.2295,-8.1141,8.4207
-3.7059,-1.958,8.7217
7.7669,-2.424,8.0097
1.842,2.9295,8.2287
2.4728,-3.1516,8.0047
-3.288,3.3955,8.3597
-2.8829,-8.3502,8.7897
2.7584,8.1989,8.2557
-9.3265,3.6202,-9.4993
-3.3904,9.3994,-8.8653
-9.3965,8.5367,-8.6303
-9.4255,3.541,-3.3136
-3.8882,9.2311,-3.7246
-9.3265,3.6202,2.0104
-3.3904,9.3994,2.6444
-9.1823,8.5034,-3.7296
-9.3965,8.5367,2.8794
-9.4255,3.541,8.196
-3.8882,9.2311,7.785
-9.1823,8.5034,7.78
8.8955,9.1221,-8.5499
9.0143,2.9123,-9.4749
8.3178,9.3435,-2.5602
8.8955,9.1221,2.9598
9.1409,2.9512,-2.4922
9.0143,2.9123,2.0348
8.3178,9.3435,8.9494
9.1409,2.9512,9.0174
-10.669,-2.4753,-9.2734
-9.2286,-8.5006,-8.2624
-4.0999,-8.1732,-4.1298
-10.161,-2.2448,-4.3308
-10.669,-2.4753,2.2362
-8.9351,-8.3726,-2.6788
-9.2286,-8.5006,3.2472
-4.0999,-8.1732,7.3799
-10.161,-2.2448,7.1789
-8.9351,-8.3726,8.8309
7.8826,-8.2913,-7.613
2.7264,-9.1158,-7.932
7.9597,-4.0904,-8.656
9.2989,-8.8931,-1.8854
7.8826,-8.2913,3.8966
2.382,-9.248,-1.6874
2.7264,-9.1158,3.5776
7.9597,-4.0904,2.8536
9.2989,-8.8931,9.6243
2.382,-9.248,9.8223
-2.4233,-8.2922,-8.3227
1.3548,8.8261,-9.0457
3.4768,-2.2705,-8.5847
-3.7724,3.3637,-7.8377
-2.4911,-3.4288,-8.2397
-8.9286,2.5392,-8.1567
2.7952,2.8008,-8.0347
-3.6953,7.5646,-8.8807
7.9238,3.1282,-3.902
1.8625,9.0566,-4.103
3.0073,-2.3271,-2.361
-2.3561,2.762,-2.11
-2.4233,-8.2922,3.187
1.3548,8.8261,2.464
3.4768,-2.2705,2.925
-3.7724,3.3637,3.672
-3.479,-3.2866,-3.364
-9.273,2.407,-1.912
3.0886,2.9288,-2.451
8.3778,-2.6983,-2.143
-2.4911,-3.4288,3.27
-8.9286,2.5392,3.353
2.7952,2.8008,3.475
-3.6953,7.5646,2.629
7.9238,3.1282,7.6077
1.8625,9.0566,7.4067
3.0073,-2.3271,9.1487
-2.3561,2.762,9.3997
-3.479,-3.2866,8.1457
-9.273,2.407,9.5977
3.0886,2.9288,9.0587
8.3778,-2.6983,9.3667
-8.1782,9.3845,-8.8093
-8.6477,9.3279,-2.5856
-8.1782,9.3845,2.7004
-3.2772,8.9567,-2.3676
-8.6477,9.3279,8.924
-3.2772,8.9567,9.142
9.6005,3.0092,-8.0949
9.5326,7.8727,-8.0119
9.6005,3.0092,3.4148
8.5448,8.0148,-3.1362
9.5326,7.8727,3.4978
8.5448,8.0148,8.3734
-9.3636,-11.024,-12.456
-3.3645,-11.248,-12.23
-9.2561,-5.7082,-12.362
-3.5484,-10.354,-6.1444
-9.5418,-4.9078,-6.1774
-11.79,-8.2913,-11.807
-12.034,-8.4334,-6.3594
-6.357,-8.2991,-11.745
-12.611,-2.5694,-11.659
-12.434,-2.5588,-6.1334
-6.6554,-10.382,-8.8224
-12.578,-5.0138,-8.9204
-11.033,-11.181,-9.0224
-0.9837,-10.99,-8.9744
-9.3636,-11.024,-0.94675
-9.5164,-11.663,-5.5978
-3.3645,-11.248,-0.72075
-9.2561,-5.7082,-0.85275
-3.5484,-10.354,5.3652
-9.5418,-4.9078,5.3322
-11.79,-8.2913,-0.29775
-12.034,-8.4334,5.1502
-6.357,-8.2991,-0.23575
-12.611,-2.5694,-0.14975
-7.2678,-8.3684,-5.7368
-12.434,-2.5588,5.3762
-6.9863,-10.787,-2.9608
-12.867,-4.9474,-3.1358
-6.6554,-10.382,2.6872
-12.578,-5.0138,2.5892
-12.621,-11.251,-3.4118
-11.033,-11.181,2.4872
-0.9837,-10.99,2.5352
-9.3636,-11.024,10.563
-9.5164,-11.663,5.9119
-3.3645,-11.248,10.789
-9.2561,-5.7082,10.657
-11.79,-8.2913,11.212
-6.357,-8.2991,11.274
-12.611,-2.5694,11.36
-7.2678,-8.3684,5.7729
-6.9863,-10.787,8.5489
-12.867,-4.9474,8.3739
-12.621,-11.251,8.0979
-12.639,0.66542,-9.199
-12.639,0.66542,2.3106
2.5383,-11.527,-10.653
8.3748,-6.2831,-11.499
2.6521,-12.454,-6.36
8.3663,-5.5435,-5.924
8.6505,-11.028,-11.352
8.3677,-10.845,-5.606
11.889,-8.6449,-11.355
11.645,-8.787,-5.907
5.1376,-8.536,-11.186
11.067,-2.923,-11.207
5.2614,-8.8704,-5.722
11.245,-2.9124,-5.681
5.3858,-11.351,-8.4
11.101,-5.3674,-8.468
12.646,-11.534,-8.57
2.5383,-11.527,0.85662
8.3748,-6.2831,0.010623
2.6521,-12.454,5.1496
8.3663,-5.5435,5.5856
8.6505,-11.028,0.15762
8.3677,-10.845,5.9036
11.889,-8.6449,0.15462
11.645,-8.787,5.6026
5.1376,-8.536,0.32362
11.067,-2.923,0.30262
5.2614,-8.8704,5.7876
11.245,-2.9124,5.8286
3.7199,-11.693,-2.7864
10.812,-5.301,-2.6834
5.3858,-11.351,3.1096
11.101,-5.3674,3.0416
11.058,-11.604,-2.9594
0.26636,-12.048,-2.5684
12.646,-11.534,2.9396
2.5383,-11.527,12.366
8.3748,-6.2831,11.52
8.6505,-11.028,11.667
11.889,-8.6449,11.664
5.1376,-8.536,11.833
11.067,-2.923,11.812
3.7199,-11.693,8.7233
10.812,-5.301,8.8263
11.058,-11.604,8.5503
0.26636,-12.048,8.9413
-2.8899,-5.5105,-11.831
-9.1167,0.12799,-10.878
2.6601,0.27719,-12.229
-3.2803,5.3719,-11.724
-2.7415,-6.277,-6.0887
-9.0029,-0.79903,-6.5847
-3.2888,6.1115,-6.1487
2.8023,-4.7044,-11.828
-3.0045,0.6272,-11.577
8.6592,0.05374,-12.003
2.7676,5.5932,-12.135
2.9027,-5.9828,-5.9337
-3.2873,0.80964,-5.8307
8.4754,0.94752,-5.9167
2.4819,6.3937,-5.9497
-0.15839,-8.3905,-11.718
-6.6503,-2.9819,-11.609
6.2529,-2.6212,-11.651
0.23405,3.0102,-11.58
0.53033,-8.6069,-6.2897
5.4645,-2.6686,-5.8267
-0.0098995,2.868,-6.1317
0.043134,-2.7033,-11.224
-6.5174,3.119,-11.411
5.6668,3.0024,-11.518
-0.58761,8.7321,-11.432
-0.50841,-3.0399,-5.9347
-6.3937,2.7846,-5.9467
-0.41012,8.7427,-5.9057
-0.52467,-5.7827,-9.0057
-6.2692,0.30406,-8.6247
5.3684,0.91924,-8.5947
-0.55437,6.2876,-8.6927
5.3634,-4.7878,-8.6887
0.99066,0.12092,-8.7947
11.04,0.31183,-8.7467
-6.1002,-5.082,-8.5577
-2.8899,-5.5105,-0.321
-9.1167,0.12799,0.632
2.6601,0.27719,-0.719
-3.2803,5.3719,-0.214
-2.7415,-6.277,5.421
-9.0029,-0.79903,4.925
2.5074,-0.36204,-5.37
-3.2888,6.1115,5.361
2.8023,-4.7044,-0.318
-3.0045,0.6272,-0.067
8.6592,0.05374,-0.493
2.7676,5.5932,-0.625
2.9027,-5.9828,5.576
-3.2873,0.80964,5.679
8.4754,0.94752,5.593
2.4819,6.3937,5.56
-0.15839,-8.3905,-0.208
-6.6503,-2.9819,-0.099
6.2529,-2.6212,-0.141
0.23405,3.0102,-0.07
0.53033,-8.6069,5.22
-5.6894,-2.8652,-5.622
5.4645,-2.6686,5.683
-0.0098995,2.868,5.378
0.043134,-2.7033,0.286
-6.5174,3.119,0.099
5.6668,3.0024,-0.008
-0.58761,8.7321,0.078
-0.50841,-3.0399,5.575
-6.3937,2.7846,5.563
4.756,2.9331,-5.509
-0.41012,8.7427,5.604
-0.80469,-5.1124,-3.083
-7.9352,-0.038184,-3.011
5.0374,0.51477,-2.733
-0.84287,6.3541,-2.908
-0.52467,-5.7827,2.504
-6.2692,0.30406,2.885
5.3684,0.91924,2.915
-0.55437,6.2876,2.817
5.7346,-5.1322,-2.961
-0.5968,0.050912,-3.184
-11.389,-0.39315,-2.793
-5.3019,-5.6455,-3.082
5.3634,-4.7878,2.821
0.99066,0.12092,2.715
11.04,0.31183,2.763
-6.1002,-5.082,2.952
-2.8899,-5.5105,11.189
-9.1167,0.12799,12.142
2.6601,0.27719,10.791
-3.2803,5.3719,11.296
2.5074,-0.36204,6.1397
2.8023,-4.7044,11.192
-3.0045,0.6272,11.443
8.6592,0.05374,11.017
2.7676,5.5932,10.885
-0.15839,-8.3905,11.302
-6.6503,-2.9819,11.411
6.2529,-2.6212,11.369
0.23405,3.0102,11.44
-5.6894,-2.8652,5.8877
0.043134,-2.7033,11.796
-6.5174,3.119,11.609
5.6668,3.0024,11.502
-0.58761,8.7321,11.588
4.756,2.9331,6.0007
-0.80469,-5.1124,8.4267
-7.9352,-0.038184,8.4987
5.0374,0.51477,8.7767
-0.84287,6.3541,8.6017
5.7346,-5.1322,8.5487
-0.5968,0.050912,8.3257
-11.389,-0.39315,8.7167
-5.3019,-5.6455,8.4277
-8.9949,11.932,-12.453
-8.8528,6.9506,-12.052
-2.9958,11.709,-12.227
-8.7523,5.6722,-6.1583
-3.1796,12.603,-6.1413
-11.813,3.2645,-11.942
-5.4021,9.0338,-11.875
-11.125,3.0481,-6.5143
-6.1905,8.9864,-6.0513
-11.612,8.9518,-11.448
-12.163,8.6152,-6.1593
-12.18,5.8723,-9.2303
-6.2867,12.574,-8.8193
-6.2916,6.8672,-8.9133
-10.664,11.776,-9.0193
-0.61496,11.967,-8.9713
-8.9949,11.932,-0.94362
-9.1476,11.293,-5.5946
-8.8528,6.9506,-0.54262
-2.9958,11.709,-0.71762
-8.7523,5.6722,5.3514
-3.1796,12.603,5.3684
-11.813,3.2645,-0.43262
-5.4021,9.0338,-0.36562
-11.125,3.0481,4.9954
-6.1905,8.9864,5.4584
-11.612,8.9518,0.061377
-12.163,8.6152,5.3504
-12.46,6.5426,-3.3076
-6.6176,12.17,-2.9576
-12.18,5.8723,2.2794
-6.2867,12.574,2.6904
-5.9204,6.5228,-3.1856
-12.252,11.706,-3.4086
-6.2916,6.8672,2.5964
-10.664,11.776,2.4904
-0.61496,11.967,2.5384
-8.9949,11.932,10.566
-9.1476,11.293,5.915
-8.8528,6.9506,10.967
-2.9958,11.709,10.792
-11.813,3.2645,11.077
-5.4021,9.0338,11.144
-11.612,8.9518,11.571
-12.46,6.5426,8.202
-6.6176,12.17,8.552
-5.9204,6.5228,8.324
-12.252,11.706,8.101
12.29,-0.74674,-2.3406
12.29,-0.74674,9.169
9.1338,5.7909,-11.603
2.907,11.429,-10.65
9.2823,5.0244,-5.8609
3.0209,10.502,-6.3569
9.0193,11.929,-11.349
8.7364,12.111,-5.6029
11.865,2.9109,-11.49
5.3734,8.3196,-11.381
12.554,2.6945,-6.0619
12.067,8.5982,-10.996
11.515,8.2616,-5.7069
11.499,5.5187,-8.7779
5.7546,11.605,-8.3969
5.9235,6.2195,-8.3299
9.1338,5.7909,-0.093248
2.907,11.429,0.85975
9.2823,5.0244,5.6488
3.0209,10.502,5.1528
9.0193,11.929,0.16075
8.7364,12.111,5.9068
11.865,2.9109,0.019752
5.3734,8.3196,0.12875
12.554,2.6945,5.4478
6.3344,8.4362,-5.3942
12.067,8.5982,0.51375
11.515,8.2616,5.8028
11.219,6.1891,-2.8552
4.0886,11.263,-2.7832
11.499,5.5187,2.7318
5.7546,11.605,3.1128
11.427,11.352,-2.9562
0.6351,10.908,-2.5652
6.7219,5.6559,-2.8542
5.9235,6.2195,3.1798
9.1338,5.7909,11.416
2.907,11.429,12.369
9.0193,11.929,11.67
11.865,2.9109,11.529
5.3734,8.3196,11.638
6.3344,8.4362,6.1154
12.067,8.5982,12.023
11.219,6.1891,8.6544
4.0886,11.263,8.7264
11.427,11.352,8.5534
0.6351,10.908,8.9444
6.7219,5.6559,8.6554
0.50994,10.985,8.8674
6.6879,5.6785,8.5884
0,0,0
0.10253,0.092631,5.503
-0.074953,-5.5381,-0.181
5.8683,0.26234,-0.105
-0.49002,5.9588,-0.338
0.10253,0.092631,-6.0067
-6.5655,-0.24819,-0.163
5.2757,-5.4864,-0.313
-0.28709,-5.6498,-5.574
5.6816,0.31891,5.656
-0.44406,5.8803,5.487
-5.8046,0.21142,5.589
-5.835,-5.5706,-0.132
5.6816,0.31891,-5.8537
-0.28709,-5.6498,5.9357
-5.8046,0.21142,-5.9207
-0.44406,5.8803,-6.0227
6.1887,5.7308,0.095752
-6.3793,6.1686,-0.53762
5.4122,-5.4193,5.624
5.4122,-5.4193,-5.8857
5.2312,6.2211,5.633
5.2312,6.2211,-5.8767
-6.7926,-5.0803,5.4052
-6.2428,6.2358,5.3994
-6.7926,-5.0803,-6.1044
-6.2428,6.2358,-6.1103
-0.62166,-10.953,-0.36975
11.402,0.3486,-0.142
0,0,-11.51
0,0,11.51
-0.25292,12.004,-0.36662
-12.277,0.70219,-0.59437
5.4583,11.053,0.064752
11.165,-5.6962,-0.11338
0.3367,11.265,5.5778
-0.074953,-5.5381,11.329
-6.1555,-11.039,-0.33275
-0.49002,5.9588,11.172
0.3367,11.265,-5.9319
5.8683,0.26234,11.405
-11.687,-0.03677,5.35
-0.074953,-5.5381,-11.691
5.0895,-11.903,0.061623
-0.03204,-11.692,5.5746
5.8683,0.26234,-11.615
-6.5655,-0.24819,11.347
-0.03204,-11.692,-5.935
-11.687,-0.03677,-6.1597
-11.73,6.117,-0.40562
-5.7867,11.917,-0.32962
11.949,5.7634,0.046752
-0.49002,5.9588,-11.848
11.992,-0.39036,-5.7073
11.992,-0.39036,5.8024
-6.5655,-0.24819,-11.673
5.2757,-5.4864,11.197
-12.514,-5.3426,-0.56575
-6.3422,-10.983,5.4282
11.211,-5.7747,5.7116
11.211,-5.7747,-5.798
-5.835,-5.5706,11.378
5.8504,-11.444,-5.696
5.2757,-5.4864,-11.823
-6.3422,-10.983,-6.0814
11.737,5.6516,-5.3462
5.8504,-11.444,5.8136
-6.3793,6.1686,10.972
-5.835,-5.5706,-11.642
6.1887,5.7308,-11.414
6.2191,11.513,-5.6929
6.2191,11.513,5.8168
6.1887,5.7308,11.605
11.737,5.6516,6.1634
-5.9734,11.974,5.4314
-11.942,6.0052,5.711
-11.942,6.0052,-5.7986
-12.468,-5.4211,5.2592
-5.9734,11.974,-6.0783
-6.3793,6.1686,-12.047
-12.468,-5.4211,-6.2504
-0.62166,-10.953,11.14
11.402,0.3486,11.368
-0.62166,-10.953,-11.879
11.402,0.3486,-11.652
-0.25292,12.004,11.143
-12.277,0.70219,10.915
11.655,-11.655,0.22462
-11.655,11.655,-0.22462
-12.024,-11.301,-0.22775
12.024,11.301,0.22775
5.4583,11.053,-11.445
-6.1555,-11.039,11.177
-0.25292,12.004,-11.876
5.4583,11.053,11.574
11.165,-5.6962,11.396
11.165,-5.6962,-11.623
-11.921,-11.209,5.2752
-12.277,0.70219,-12.104
-11.73,6.117,11.104
5.0895,-11.903,-11.448
-11.552,11.748,5.2784
-6.1555,-11.039,-11.842
-5.7867,11.917,11.18
5.0895,-11.903,11.571
11.758,-11.562,5.7276
-12.514,-5.3426,10.944
11.758,-11.562,-5.782
-11.921,-11.209,-6.2344
11.949,5.7634,-11.463
11.949,5.7634,11.556
12.126,11.394,5.7308
12.126,11.394,-5.7789
-11.552,11.748,-6.2313
-5.7867,11.917,-11.839
-11.73,6.117,-11.915
-12.514,-5.3426,-12.075
11.655,-11.655,-11.285
-11.655,11.655,11.285
-12.024,-11.301,11.282
12.024,11.301,-11.282
11.655,-11.655,11.734
-11.655,11.655,-11.734
-12.024,-11.301,-11.737
12.024,11.301,11.737
