-9.7933,-2.6218,-8.9323
-9.7261,-8.4123,-8.6493
-9.7933,-2.6218,3.115
-9.7261,-8.4123,3.398
-8.7941,-8.804,-3.532
-2.8473,-9.6568,-2.074
-9.5373,-2.7109,-2.282
-8.7941,-8.804,8.5153
-2.8473,-9.6568,9.9733
-9.5373,-2.7109,9.7653
8.9224,-9.8077,-10.015
9.3304,-3.1036,-8.0693
8.9224,-9.8077,2.032
9.3304,-3.1036,3.978
9.7702,-3.1913,-2.472
8.9125,-9.2972,-2.115
9.7702,-3.1913,9.5753
8.9125,-9.2972,9.9323
3.5313,-3.0038,-8.9483
-3.1162,2.2309,-10.015
-2.7605,-8.8247,-8.8373
2.2649,9.4363,-8.9323
-2.3681,-2.9819,-8.2203
3.0165,-8.4301,-8.5023
2.332,3.6458,-8.6493
-2.7082,8.935,-8.0693
3.5313,-3.0038,3.099
-3.1162,2.2309,2.032
-2.7605,-8.8247,3.21
2.2649,9.4363,3.115
-2.3681,-2.9819,3.827
3.0165,-8.4301,3.545
2.332,3.6458,3.398
-2.7082,8.935,3.978
3.3453,-8.7165,-2.404
-2.4678,-2.9995,-3.133
-2.2684,8.8473,-2.472
3.264,3.2541,-3.532
9.2108,2.4013,-2.074
2.5208,9.3472,-2.282
3.1063,-3.1643,-2.146
-3.1261,2.7415,-2.115
3.3453,-8.7165,9.6433
-2.4678,-2.9995,8.9143
-2.2684,8.8473,9.5753
3.264,3.2541,8.5153
9.2108,2.4013,9.9733
2.5208,9.3472,9.7653
3.1063,-3.1643,9.9013
-3.1261,2.7415,9.9323
-8.5073,9.0348,-8.9483
-9.0221,3.6085,-8.5023
-8.5073,9.0348,3.099
-9.0221,3.6085,3.545
-8.6933,3.3221,-2.404
-8.9323,8.8743,-2.146
-8.6933,3.3221,9.6433
-8.9323,8.8743,9.9013
9.2976,3.2334,-8.8373
9.69,9.0763,-8.2203
9.2976,3.2334,3.21
9.69,9.0763,3.827
9.5903,9.0586,-3.133
9.5903,9.0586,8.9143
-9.2028,-9.7487,-9.0653
-9.2028,-9.7487,2.982
-8.7998,-9.0826,-2.053
-8.7998,-9.0826,9.9943
8.8538,-8.6389,-9.0853
9.2738,-3.4756,-9.5063
8.8538,-8.6389,2.962
9.2738,-3.4756,2.541
9.2222,-8.1729,-3.068
9.2222,-8.1729,8.9793
-3.3262,-7.5505,-8.3303
-8.7681,-2.5159,-7.8643
2.3688,-2.0662,-8.9323
-3.1848,3.3998,-9.0853
1.7077,-9.0899,-8.4093
-2.9006,-2.6771,-9.5913
-2.7648,8.5631,-9.5063
2.8553,2.3094,-9.0653
-3.3262,-7.5505,3.717
-8.7681,-2.5159,4.183
2.3688,-2.0662,3.115
-3.1848,3.3998,2.962
1.7077,-9.0899,3.638
-2.9006,-2.6771,2.456
-2.7648,8.5631,2.541
2.8553,2.3094,2.982
2.6,-9.1521,-1.198
-3.3849,-4.1896,-3.153
8.3757,-2.6326,-2.681
3.2583,2.9755,-2.053
-2.8475,-8.7179,-3.216
-8.7215,-2.1949,-3.424
3.1982,-1.8802,-2.892
-2.8164,3.8658,-3.068
2.6,-9.1521,10.849
-3.3849,-4.1896,8.8943
8.3757,-2.6326,9.3663
3.2583,2.9755,9.9943
-2.8475,-8.7179,8.8313
-8.7215,-2.1949,8.6233
3.1982,-1.8802,9.1553
-2.8164,3.8658,8.9793
-9.6698,9.9725,-8.9323
-10.331,2.9488,-8.4093
-9.6698,9.9725,3.115
-10.331,2.9488,3.638
-9.4386,2.8865,-1.198
-3.663,9.4061,-2.681
-8.8404,10.158,-2.892
-9.4386,2.8865,10.849
-3.663,9.4061,9.3663
-8.8404,10.158,9.1553
8.7319,4.5076,-8.3303
3.29,9.5422,-7.8643
9.1576,9.381,-9.5913
8.7319,4.5076,3.717
3.29,9.5422,4.183
9.1576,9.381,2.456
8.6732,7.8685,-3.153
9.2106,3.3402,-3.216
3.3367,9.8633,-3.424
8.6732,7.8685,8.8943
9.2106,3.3402,8.8313
3.3367,9.8633,8.6233
-5.3307,-12.706,-8.6063
-12.763,-6.2549,-8.7913
-0.62703,-11.771,-8.4993
-12.176,-11.721,-8.8643
-8.7474,-11.208,-6.1553
-9.1661,-5.5089,-6.3713
-5.6298,-8.949,-10.913
-12.159,-3.0347,-11.792
-11.73,-8.9681,-12.156
-3.0262,-12.371,-11.906
-8.8797,-6.7018,-11.545
-8.8853,-11.958,-11.675
-5.6072,-6.8503,-2.506
-11.344,-11.524,-2.932
-5.3307,-12.706,3.441
-12.763,-6.2549,3.256
-0.62703,-11.771,3.548
-12.176,-11.721,3.183
-6.3624,-11.359,-2.565
-11.791,-6.2443,-2.775
-8.7474,-11.208,5.892
-3.1302,-12.246,-4.663
-9.1661,-5.5089,5.676
-12.895,-8.7291,-5.881
-5.6298,-8.949,1.134
-12.159,-3.0347,0.255
-5.6143,-8.9179,-5.81
-11.603,-2.6776,-5.631
-11.73,-8.9681,-0.109
-3.0262,-12.371,0.141
-8.8797,-6.7018,0.502
-8.8853,-11.958,0.372
-5.6072,-6.8503,9.5413
-11.344,-11.524,9.1153
-6.3624,-11.359,9.4823
-11.791,-6.2443,9.2723
-3.1302,-12.246,7.3843
-12.895,-8.7291,6.1663
-5.6298,-8.949,13.181
-12.159,-3.0347,12.302
-5.6143,-8.9179,6.2373
-11.603,-2.6776,6.4163
-11.73,-8.9681,11.938
-3.0262,-12.371,12.188
-8.8797,-6.7018,12.549
-8.8853,-11.958,12.419
-12.666,0.2676,-8.4993
-12.666,0.2676,3.548
6.2594,-13.005,-9.1303
11.334,-6.2354,-8.7913
6.4433,-6.0049,-8.7863
11.921,-11.701,-8.8643
2.8264,-11.484,-6.1443
5.925,-9.1423,-11.453
11.938,-3.0152,-11.792
6.4985,-8.9691,-6.1153
12.367,-8.9486,-12.156
9.1664,-12.292,-12.227
3.1595,-11.928,-11.408
9.1897,-6.1463,-11.962
12.753,-11.504,-2.932
6.2948,-6.4419,-2.716
6.2594,-13.005,2.917
11.334,-6.2354,3.256
6.4433,-6.0049,3.261
11.921,-11.701,3.183
5.7348,-11.629,-3.094
12.306,-6.2248,-2.775
2.8264,-11.484,5.903
8.9443,-5.4724,-5.418
9.4888,-12.415,-5.874
11.201,-8.7096,-5.881
5.925,-9.1423,0.594
11.938,-3.0152,0.255
6.4985,-8.9691,5.932
12.494,-2.6582,-5.631
12.367,-8.9486,-0.109
9.1664,-12.292,-0.18
3.1595,-11.928,0.639
9.1897,-6.1463,0.085
12.753,-11.504,9.1153
6.2948,-6.4419,9.3313
5.7348,-11.629,8.9533
12.306,-6.2248,9.2723
8.9443,-5.4724,6.6293
9.4888,-12.415,6.1733
11.201,-8.7096,6.1663
5.925,-9.1423,12.641
11.938,-3.0152,12.302
12.494,-2.6582,6.4163
12.367,-8.9486,11.938
9.1664,-12.292,11.867
3.1595,-11.928,12.686
9.1897,-6.1463,12.132
0.46528,-5.7983,-8.5473
-5.7792,-0.96661,-9.1303
6.7274,-0.64771,-8.6063
-0.70499,5.8032,-8.7913
11.431,0.28709,-8.4993
-6.4007,-5.0431,-8.8053
-5.5953,6.0337,-8.7863
-0.11809,0.33729,-8.8643
-2.9607,-5.5572,-6.0473
-9.2122,0.55437,-6.1443
3.3107,0.84994,-6.1553
2.8921,6.5492,-6.3713
0.081317,-2.8079,-11.061
-6.1136,2.8963,-11.453
6.4283,3.1091,-10.913
-0.10112,9.0234,-11.792
-5.5402,3.0696,-6.1153
0.074246,-8.691,-11.301
-6.0571,-3.1198,-13.053
6.1914,-2.7308,-11.941
0.3281,3.0901,-12.156
3.0512,-5.782,-11.632
-2.8723,-0.25314,-12.227
9.0319,-0.31325,-11.906
3.1784,5.3563,-11.545
-2.9995,-5.7276,-10.995
-8.8791,0.11102,-11.408
3.1728,0.099702,-11.675
-2.8489,5.8923,-11.962
6.4509,5.2078,-2.506
0.55084,-11.568,-2.435
0.71418,0.53457,-2.932
-5.7438,5.5968,-2.716
0.46528,-5.7983,3.5
-5.7792,-0.96661,2.917
6.7274,-0.64771,3.441
-0.70499,5.8032,3.256
11.431,0.28709,3.548
-6.4007,-5.0431,3.242
-5.5953,6.0337,3.261
-0.11809,0.33729,3.183
-0.75307,-6.4241,-2.313
-6.3039,0.40941,-3.094
5.6957,0.69933,-2.565
0.26729,5.8138,-2.775
-2.9607,-5.5572,6
-9.2122,0.55437,5.903
3.3107,0.84994,5.892
-3.0943,6.5662,-5.418
3.0024,-6.1462,-5.225
-2.5498,-0.37618,-5.874
8.9279,-0.18809,-4.663
2.8921,6.5492,5.676
0.02192,-8.8056,-5.773
-6.0026,-2.9239,-5.463
5.823,-2.8673,-4.997
-0.83721,3.3291,-5.881
0.081317,-2.8079,0.986
-6.1136,2.8963,0.594
6.4283,3.1091,1.134
-0.10112,9.0234,0.255
0.78772,-2.7648,-5.745
-5.5402,3.0696,5.932
6.4439,3.1403,-5.81
0.45538,9.3805,-5.631
0.074246,-8.691,0.746
-6.0571,-3.1198,-1.006
6.1914,-2.7308,0.106
0.3281,3.0901,-0.109
3.0512,-5.782,0.415
-2.8723,-0.25314,-0.18
9.0319,-0.31325,0.141
3.1784,5.3563,0.502
-2.9995,-5.7276,1.052
-8.8791,0.11102,0.639
3.1728,0.099702,0.372
-2.8489,5.8923,0.085
6.4509,5.2078,9.5413
0.55084,-11.568,9.6123
0.71418,0.53457,9.1153
-5.7438,5.5968,9.3313
-0.75307,-6.4241,9.7343
-6.3039,0.40941,8.9533
5.6957,0.69933,9.4823
0.26729,5.8138,9.2723
-3.0943,6.5662,6.6293
3.0024,-6.1462,6.8223
-2.5498,-0.37618,6.1733
8.9279,-0.18809,7.3843
0.02192,-8.8056,6.2743
-6.0026,-2.9239,6.5843
5.823,-2.8673,7.0503
-0.83721,3.3291,6.1663
0.081317,-2.8079,13.033
-6.1136,2.8963,12.641
6.4283,3.1091,13.181
-0.10112,9.0234,12.302
0.78772,-2.7648,6.3023
6.4439,3.1403,6.2373
0.45538,9.3805,6.4163
0.074246,-8.691,12.793
-6.0571,-3.1198,11.041
6.1914,-2.7308,12.153
0.3281,3.0901,11.938
3.0512,-5.782,12.462
-2.8723,-0.25314,11.867
9.0319,-0.31325,12.188
3.1784,5.3563,12.549
-2.9995,-5.7276,13.099
-8.8791,0.11102,12.686
3.1728,0.099702,12.419
-2.8489,5.8923,12.132
-11.573,6.2404,-8.5473
-5.3112,11.391,-8.6063
-0.60754,12.326,-8.4993
-12.157,12.376,-8.8643
-8.728,12.889,-6.1553
-11.957,9.2307,-11.061
-11.964,3.3476,-11.301
-5.8472,9.3078,-11.941
-8.9875,6.2566,-11.632
-3.0068,11.725,-11.906
-8.8658,12.138,-11.675
-11.488,0.47107,-2.435
-11.324,12.573,-2.932
-11.573,6.2404,3.5
-5.3112,11.391,3.441
-0.60754,12.326,3.548
-12.157,12.376,3.183
-12.792,5.6146,-2.313
-6.3429,12.738,-2.565
-8.728,12.889,5.892
-9.0363,5.8925,-5.225
-3.1107,11.851,-4.663
-12.017,3.233,-5.773
-6.2156,9.1713,-4.997
-11.957,9.2307,0.986
-11.251,9.2738,-5.745
-11.964,3.3476,0.746
-5.8472,9.3078,0.106
-8.9875,6.2566,0.415
-3.0068,11.725,0.141
-8.8658,12.138,0.372
-11.488,0.47107,9.6123
-11.324,12.573,9.1153
-12.792,5.6146,9.7343
-6.3429,12.738,9.4823
-9.0363,5.8925,6.8223
-3.1107,11.851,7.3843
-12.017,3.233,6.2743
-6.2156,9.1713,7.0503
-11.957,9.2307,13.033
-11.251,9.2738,6.3023
-11.964,3.3476,12.793
-5.8472,9.3078,12.153
-8.9875,6.2566,12.462
-3.0068,11.725,12.188
-8.8658,12.138,12.419
12.523,6.2598,-8.5473
6.2789,11.092,-9.1303
5.6574,7.015,-8.8053
11.94,12.395,-8.8643
9.0975,6.501,-6.0473
2.8459,12.612,-6.1443
12.139,9.2502,-11.061
12.132,3.3671,-11.301
6.001,8.9384,-13.053
9.1859,11.805,-12.227
9.0586,6.3306,-10.995
3.179,12.169,-11.408
12.609,0.49056,-2.435
12.772,12.593,-2.932
12.523,6.2598,3.5
6.2789,11.092,2.917
5.6574,7.015,3.242
11.94,12.395,3.183
11.305,5.6341,-2.313
5.7543,12.468,-3.094
9.0975,6.501,6
2.8459,12.612,5.903
9.5083,11.682,-5.874
12.08,3.2525,-5.773
6.0555,9.1342,-5.463
12.139,9.2502,0.986
12.846,9.2933,-5.745
12.132,3.3671,0.746
6.001,8.9384,-1.006
9.1859,11.805,-0.18
9.0586,6.3306,1.052
3.179,12.169,0.639
12.609,0.49056,9.6123
12.772,12.593,9.1153
11.305,5.6341,9.7343
5.7543,12.468,8.9533
9.5083,11.682,6.1733
12.08,3.2525,6.2743
6.0555,9.1342,6.5843
12.139,9.2502,13.033
12.846,9.2933,6.3023
12.132,3.3671,12.793
6.001,8.9384,11.041
9.1859,11.805,11.867
9.0586,6.3306,13.099
3.179,12.169,12.686
0.57032,12.529,-2.435
0.57032,12.529,9.6123
0,0,0
-0.062933,-5.8061,0.477
0.28355,0.70923,-5.779
-5.8704,-0.0098995,-0.207
0.21355,5.9949,0.138
0.28355,0.70923,6.2683
6.2911,0.12233,0.724
0.13718,-5.7134,-5.763
-5.5508,0.12162,5.93
-5.5508,0.12162,-6.1173
6.2628,0.24112,-5.679
6.0967,5.8973,0.279
0.13718,-5.7134,6.2843
6.0599,-5.9751,0.494
-5.9787,6.0636,0.494
-0.2786,6.3541,-5.723
-5.9614,-6.1609,0.279
6.2628,0.24112,6.3683
-0.2786,6.3541,6.3243
5.893,-5.8605,-5.581
5.6081,6.2006,6.005
5.6081,6.2006,-6.0423
-6.1456,6.1781,-5.581
5.893,-5.8605,6.4663
-6.4501,-5.8575,6.005
-6.4501,-5.8575,-6.0423
-6.1456,6.1781,6.4663
-11.952,-0.081146,0.448
0.10607,11.977,0.448
0,0,-12.047
0,0,12.047
0.086577,-12.12,0.448
12.145,-0.061658,0.448
-0.062933,-5.8061,-11.57
6.2911,0.12233,-11.323
-0.11879,-11.715,-5.568
11.939,0.34278,-5.568
-5.8704,-0.0098995,11.84
-5.767,-11.936,0.724
-11.845,-6.0633,0.138
0.21355,5.9949,-11.909
-12.157,0.32329,-5.568
-0.11879,-11.715,6.4793
-5.7475,12.161,0.724
11.995,6.2521,0.477
6.1682,-12.049,-0.207
6.1877,12.048,-0.207
-0.099305,12.381,-5.568
0.21355,5.9949,12.185
-5.8704,-0.0098995,-12.254
11.939,0.34278,6.4793
-12.102,6.2326,0.477
12.252,-6.0438,0.138
-12.157,0.32329,6.4793
-0.062933,-5.8061,12.524
-0.099305,12.381,6.4793
6.2911,0.12233,12.771
11.76,-5.6846,-5.723
-5.7953,-11.817,-5.679
6.0599,-5.9751,-11.553
-5.9787,6.0636,-11.553
6.0967,5.8973,-11.768
11.76,-5.6846,6.3243
-5.9614,-6.1609,-11.768
-5.7953,-11.817,6.3683
-11.901,6.3252,-5.763
-5.7758,12.28,-5.679
-12.337,-5.7041,-5.723
6.4878,-11.917,5.93
-11.901,6.3252,6.2843
6.4878,-11.917,-6.1173
12.195,6.3447,-5.763
6.0967,5.8973,12.326
-5.7758,12.28,6.3683
-12.337,-5.7041,6.3243
-5.9614,-6.1609,12.326
6.5073,12.18,5.93
6.5073,12.18,-6.1173
12.195,6.3447,6.2843
6.0599,-5.9751,12.541
-5.9787,6.0636,12.541
-11.952,-0.081146,-11.599
0.10607,11.977,-11.599
0.086577,-12.12,-11.599
12.145,-0.061658,-11.599
12.039,-12.039,0
-12.039,12.039,0
-12.058,-12.058,0
12.058,12.058,0
-11.952,-0.081146,12.495
0.10607,11.977,12.495
-11.775,-11.349,-5.779
0.086577,-12.12,12.495
12.145,-0.061658,12.495
-5.767,-11.936,-11.323
-11.775,-11.349,6.2683
-5.7475,12.161,-11.323
12.322,-11.329,-5.779
11.995,6.2521,-11.57
-11.845,-6.0633,-11.909
-12.102,6.2326,-11.57
12.322,-11.329,6.2683
6.1682,-12.049,11.84
6.1877,12.048,11.84
-11.845,-6.0633,12.185
12.252,-6.0438,-11.909
6.1682,-12.049,-12.254
6.1877,12.048,-12.254
-11.755,12.748,-5.779
12.252,-6.0438,12.185
-5.767,-11.936,12.771
11.995,6.2521,12.524
-11.755,12.748,6.2683
-12.102,6.2326,12.524
-5.7475,12.161,12.771
12.342,12.767,-5.779
12.342,12.767,6.2683
12.039,-12.039,-12.047
12.039,-12.039,12.047
-12.039,12.039,-12.047
-12.039,12.039,12.047
-12.058,-12.058,-12.047
-12.058,-12.058,12.047
12.058,12.058,-12.047
12.058,12.058,12.047
