-9.4944,-9.7952,-9.5047
-8.4104,-9.7068,-2.5716
-9.4944,-9.7952,3.3814
-8.4104,-9.7068,10.315
9.6059,-4.031,-9.2168
10.367,-9.9014,-8.9968
9.6059,-4.031,3.6694
11.376,-9.4298,-2.9666
10.367,-9.9014,3.8894
11.376,-9.4298,9.9195
3.4323,-8.8247,-9.4121
-3.573,-3.9181,-9.7221
-3.3312,8.906,-9.3931
3.6685,2.926,-9.3321
3.4471,-4.0369,-9.6291
-2.5703,3.0356,-9.1731
-1.9983,-9.85,-8.8181
-9.1988,-3.2902,-9.5731
2.081,-10.059,-2.651
-3.4316,-4.0454,-3.122
10.156,-3.1601,-3.042
4.7525,3.0144,-2.399
3.4323,-8.8247,3.474
-3.573,-3.9181,3.164
-3.3312,8.906,3.493
3.6685,2.926,3.554
2.2981,-3.2074,-2.704
-1.5613,3.5072,-3.143
-1.8187,-9.676,-2.857
-9.8415,-2.4989,-3.553
3.4471,-4.0369,3.257
-2.5703,3.0356,3.713
-1.9983,-9.85,4.068
-9.1988,-3.2902,3.313
2.081,-10.059,10.235
-3.4316,-4.0454,9.7641
10.156,-3.1601,9.8441
4.7525,3.0144,10.487
2.2981,-3.2074,10.182
-1.5613,3.5072,9.7431
-1.8187,-9.676,10.029
-9.8415,-2.4989,9.3331
-9.5047,4.1123,-9.5885
-9.4899,8.9002,-9.8055
-10.856,2.8784,-2.8274
-2.7809,9.777,-3.2184
-9.5047,4.1123,3.2976
-10.639,9.7296,-2.8804
-9.4899,8.9002,3.0806
-10.856,2.8784,10.059
-2.7809,9.777,9.6678
-10.639,9.7296,10.006
9.5898,8.8031,-9.5496
11.165,2.8712,-8.6456
3.9641,9.431,-9.4006
9.7313,8.6759,-2.9494
9.5898,8.8031,3.3366
11.344,3.0452,-2.6844
3.3213,10.222,-3.3804
11.165,2.8712,4.2406
3.9641,9.431,3.4856
9.7313,8.6759,9.9367
11.344,3.0452,10.202
3.3213,10.222,9.5057
-3.2825,-9.2147,-10.003
-9.4909,-10.217,-8.0607
-3.3206,-10.151,-2.6366
-3.2825,-9.2147,2.8834
-8.5872,-9.0662,-3.9206
-9.4909,-10.217,4.8254
-3.3206,-10.151,10.25
-8.5872,-9.0662,8.9656
9.2622,-10.661,-9.6108
4.4065,-9.9403,-9.1118
10.343,-3.8104,-7.9638
10.097,-10.202,-3.0436
9.2622,-10.661,3.2754
4.4065,-9.9403,3.7744
10.343,-3.8104,4.9224
10.097,-10.202,9.8425
9.8804,3.5065,-9.8301
-8.0737,-4.22,-9.9631
2.8242,-2.6333,-9.6941
-3.6748,2.2762,-9.7871
-2.7754,-2.6495,-9.5531
-8.5305,2.9967,-9.2881
3.672,2.5039,-7.8881
-2.5944,9.1266,-8.1401
9.8422,2.5703,-2.464
-9.3013,-3.1862,-2.355
3.1091,-3.3807,-3.953
-2.8397,2.7351,-3.22
9.8804,3.5065,3.056
-8.0737,-4.22,2.923
2.8242,-2.6333,3.192
-3.6748,2.2762,3.099
-3.3036,-3.0434,-2.053
3.1601,-9.0587,-2.353
4.5757,3.655,-3.748
10.542,-2.8369,-1.589
-2.7754,-2.6495,3.333
-8.5305,2.9967,3.598
3.672,2.5039,4.998
-2.5944,9.1266,4.746
9.8422,2.5703,10.422
-9.3013,-3.1862,10.531
3.1091,-3.3807,8.9331
-2.8397,2.7351,9.6661
-3.3036,-3.0434,10.833
3.1601,-9.0587,10.533
4.5757,3.655,9.1381
10.542,-2.8369,11.297
-10.113,10.304,-9.8705
-9.8279,9.5564,-4.1294
-10.113,10.304,3.0156
-9.777,3.8783,-2.5294
-2.3955,10.1,-1.7654
-9.8279,9.5564,8.7568
-9.777,3.8783,10.357
-2.3955,10.1,11.121
5.0891,8.5012,-9.7906
10.387,10.072,-9.3806
3.8616,9.535,-2.1824
5.0891,8.5012,3.0956
9.8593,9.6778,-1.8804
10.387,10.072,3.5056
3.8616,9.535,10.704
9.8593,9.6778,11.006
-10.067,-12.233,-13.622
-3.5512,-12.733,-11.52
-9.517,-5.9075,-12.806
-2.7146,-13.191,-6.8717
-9.628,-6.2222,-6.9097
-13.746,-9.3738,-12.808
-12.558,-9.9536,-6.6027
-5.7884,-9.3575,-12.725
-12.724,-3.1873,-13.197
-5.949,-9.9324,-6.4017
-7.5795,-13.331,-9.0497
-12.555,-6.6889,-9.6957
-12.575,-12.558,-9.9977
-6.1073,-7.3811,-9.3947
-10.067,-12.233,-0.73555
-9.5941,-12.622,-5.4346
-3.5512,-12.733,1.3664
-9.517,-5.9075,0.080449
-2.7146,-13.191,6.0144
-9.628,-6.2222,5.9764
-13.746,-9.3738,0.078449
-12.558,-9.9536,6.2834
-5.7884,-9.3575,0.16145
-12.724,-3.1873,-0.31055
-5.949,-9.9324,6.4844
-13.288,-3.2028,-5.8166
-5.4243,-12.782,-2.9896
-11.874,-7.1061,-3.0586
-7.5795,-13.331,3.8364
-12.555,-6.6889,3.1904
-14.472,-13.326,-3.2066
-0.85496,-12.967,-3.5346
-7.5456,-5.2499,-3.4076
-12.575,-12.558,2.8884
-6.1073,-7.3811,3.4914
-10.067,-12.233,12.151
-9.5941,-12.622,7.4516
-3.5512,-12.733,14.253
-9.517,-5.9075,12.967
-13.746,-9.3738,12.965
-5.7884,-9.3575,13.048
-12.724,-3.1873,12.576
-13.288,-3.2028,7.0696
-5.4243,-12.782,9.8966
-11.874,-7.1061,9.8276
-14.472,-13.326,9.6796
-0.85496,-12.967,9.3516
-7.5456,-5.2499,9.4786
-13.792,-0.030243,-3.7109
-13.792,-0.030243,9.1752
3.7277,-12.943,-13.69
9.9212,-6.0647,-11.792
3.5035,-11.307,-5.7478
10.268,-6.5151,-5.9348
9.9948,-13.281,-11.993
10.328,-13.539,-6.4018
12.354,-9.5896,-12.459
13.542,-10.169,-6.2538
6.1354,-9.5945,-12.021
13.376,-3.4031,-12.848
7.9336,-10.23,-5.6978
6.4642,-12.677,-8.6468
13.544,-6.9047,-9.3468
13.525,-12.774,-9.6488
1.0315,-12.75,-9.5828
3.7277,-12.943,-0.80364
9.9212,-6.0647,1.0944
3.5035,-11.307,7.1384
10.268,-6.5151,6.9514
9.9948,-13.281,0.89336
10.328,-13.539,6.4844
12.354,-9.5896,0.42736
13.542,-10.169,6.6324
6.1354,-9.5945,0.86536
13.376,-3.4031,0.038357
7.9336,-10.23,7.1884
12.812,-3.4187,-5.4676
7.6839,-13.086,-2.8526
14.226,-7.3219,-2.7096
6.4642,-12.677,4.2394
13.544,-6.9047,3.5394
8.0806,-7.1628,-2.3316
11.628,-13.542,-2.8576
13.525,-12.774,3.2374
1.0315,-12.75,3.3034
3.7277,-12.943,12.082
9.9212,-6.0647,13.98
9.9948,-13.281,13.779
12.354,-9.5896,13.313
6.1354,-9.5945,13.751
13.376,-3.4031,12.924
12.812,-3.4187,7.4185
7.6839,-13.086,10.033
14.226,-7.3219,10.176
8.0806,-7.1628,10.554
11.628,-13.542,10.028
-2.6743,-6.5775,-12.234
-9.2094,-0.0056569,-13.866
3.0957,0.4879,-13.449
-3.0158,6.8724,-11.968
-9.4335,1.6299,-5.9241
-2.6686,6.4219,-6.1111
3.8544,-6.7182,-13.007
-2.9423,-0.34436,-12.169
9.6117,-0.012021,-11.347
3.6458,6.8137,-12.633
-2.6092,-0.60245,-6.5781
10.448,-0.46952,-6.6991
3.5348,6.499,-6.7371
-0.094752,-9.4865,-12.514
-6.1971,-3.6812,-12.639
6.3618,-3.0384,-12.781
-0.58266,3.3474,-12.635
0.41578,-10.052,-6.4341
-6.3979,-3.486,-6.7281
0.60528,2.7676,-6.4301
0.15415,-3.3927,-12.164
-6.8017,3.3425,-12.197
7.3744,3.3637,-12.552
0.43911,9.5339,-13.024
1.1384,-3.3347,-6.3971
-5.0035,2.7068,-5.8741
7.2139,2.7888,-6.2291
0.070004,-5.8937,-8.7771
-6.4729,0.26022,-8.8231
5.5833,-0.60953,-8.8771
0.6074,6.0323,-9.5231
6.9671,-6.2671,-9.0981
0.58761,0.16334,-9.8251
-11.906,0.18738,-9.7591
7.0555,5.3401,-9.2221
-2.6743,-6.5775,0.652
-9.2094,-0.0056569,-0.98
3.0957,0.4879,-0.563
-3.0158,6.8724,0.918
-3.2265,-7.0011,-5.724
-9.4335,1.6299,6.962
3.5688,0.099702,-5.262
-2.6686,6.4219,6.775
3.8544,-6.7182,-0.121
-2.9423,-0.34436,0.717
9.6117,-0.012021,1.539
3.6458,6.8137,0.253
3.4776,-6.7755,-5.589
-2.6092,-0.60245,6.308
10.448,-0.46952,6.187
3.5348,6.499,6.149
-0.094752,-9.4865,0.372
-6.1971,-3.6812,0.247
6.3618,-3.0384,0.105
-0.58266,3.3474,0.251
0.41578,-10.052,6.452
-6.3979,-3.486,6.158
7.1107,-3.725,-5.711
0.60528,2.7676,6.456
0.15415,-3.3927,0.722
-6.8017,3.3425,0.689
7.3744,3.3637,0.334
0.43911,9.5339,-0.138
1.1384,-3.3347,6.489
-5.0035,2.7068,7.012
7.2139,2.7888,6.657
-0.12516,9.5184,-5.644
0.052326,-6.2211,-2.642
-5.2531,-0.1492,-3.029
7.7386,-0.060811,-2.817
1.2891,5.6151,-2.886
0.070004,-5.8937,4.109
-6.4729,0.26022,4.063
5.5833,-0.60953,4.009
0.6074,6.0323,3.363
-4.8564,5.7742,-2.508
-1.3089,-0.60458,-3.034
12.308,-0.24607,-3.362
5.6173,7.4713,-3.235
6.9671,-6.2671,3.788
0.58761,0.16334,3.061
-11.906,0.18738,3.127
7.0555,5.3401,3.664
-2.6743,-6.5775,13.538
-9.2094,-0.0056569,11.906
3.0957,0.4879,12.323
-3.0158,6.8724,13.804
-3.2265,-7.0011,7.1621
3.5688,0.099702,7.6241
3.8544,-6.7182,12.765
-2.9423,-0.34436,13.603
9.6117,-0.012021,14.425
3.6458,6.8137,13.139
3.4776,-6.7755,7.2971
-0.094752,-9.4865,13.258
-6.1971,-3.6812,13.133
6.3618,-3.0384,12.991
-0.58266,3.3474,13.137
7.1107,-3.725,7.1751
0.15415,-3.3927,13.608
-6.8017,3.3425,13.575
7.3744,3.3637,13.22
0.43911,9.5339,12.748
-0.12516,9.5184,7.2421
0.052326,-6.2211,10.244
-5.2531,-0.1492,9.8571
7.7386,-0.060811,10.069
1.2891,5.6151,10
-4.8564,5.7742,10.378
-1.3089,-0.60458,9.8521
12.308,-0.24607,9.5241
5.6173,7.4713,9.6511
-9.8413,13.425,-13.625
-9.0826,6.2188,-13.183
-3.3253,12.925,-11.523
-2.4888,12.468,-6.8755
-13.032,3.4505,-12.69
-6.5752,9.8986,-12.957
-12.521,2.8848,-6.6105
-12.783,9.5443,-12.34
-11.799,9.6023,-6.5735
-12.867,7.0433,-8.9535
-7.3537,12.328,-9.0535
-5.9699,6.67,-9.2745
-12.349,13.1,-10.001
-9.8413,13.425,-0.73936
-9.3683,13.037,-5.4384
-9.0826,6.2188,-0.29736
-3.3253,12.925,1.3626
-9.4595,6.1615,-5.7654
-2.4888,12.468,6.0106
-13.032,3.4505,0.19564
-6.5752,9.8986,-0.071357
-12.521,2.8848,6.2756
-5.8264,9.212,-5.8874
-12.783,9.5443,0.54564
-11.799,9.6023,6.3126
-12.885,6.7159,-2.8184
-5.1985,12.876,-2.9934
-12.867,7.0433,3.9326
-7.3537,12.328,3.8326
-14.246,12.332,-3.2104
-0.62914,12.691,-3.5384
-5.9699,6.67,3.6116
-12.349,13.1,2.8846
-9.8413,13.425,12.147
-9.3683,13.037,7.4478
-9.0826,6.2188,12.589
-3.3253,12.925,14.249
-9.4595,6.1615,7.1208
-13.032,3.4505,13.082
-6.5752,9.8986,12.815
-5.8264,9.212,6.9988
-12.783,9.5443,13.432
-12.885,6.7159,10.068
-5.1985,12.876,9.8928
-14.246,12.332,9.6758
-0.62914,12.691,9.3478
14.194,-0.028447,-9.4102
14.194,-0.028447,3.4759
10.489,6.1437,-12.062
3.9535,12.716,-13.694
3.7293,14.351,-5.7516
10.221,12.377,-11.997
10.554,12.119,-6.4056
13.068,3.2347,-12.342
6.9658,9.04,-12.467
13.579,2.669,-6.2616
6.765,9.2352,-6.5556
13.317,9.3285,-11.992
14.301,9.3865,-6.2246
13.233,6.8275,-8.6046
6.69,12.981,-8.6506
13.75,12.885,-9.6526
1.2573,12.909,-9.5866
10.489,6.1437,0.82455
3.9535,12.716,-0.80745
9.9363,5.7201,-5.5514
3.7293,14.351,7.1346
10.221,12.377,0.88955
10.554,12.119,6.4806
13.068,3.2347,0.54455
6.9658,9.04,0.41955
13.579,2.669,6.6246
6.765,9.2352,6.3306
13.317,9.3285,0.89455
14.301,9.3865,6.6616
13.215,6.5001,-2.4694
7.9098,12.572,-2.8564
13.233,6.8275,4.2816
6.69,12.981,4.2356
11.854,12.117,-2.8614
13.75,12.885,3.2336
1.2573,12.909,3.2996
10.489,6.1437,13.711
3.9535,12.716,12.079
9.9363,5.7201,7.3347
10.221,12.377,13.776
13.068,3.2347,13.431
6.9658,9.04,13.306
13.317,9.3285,13.781
13.215,6.5001,10.417
7.9098,12.572,10.03
11.854,12.117,10.025
0,0,0
0.22203,6.1391,-0.086
-6.2551,0.43841,-0.113
0.45255,-6.2763,0.495
0.23617,-0.6265,-6.2821
0.23617,-0.6265,6.604
6.5457,0.14779,1.149
0.52397,5.9149,6.433
0.52397,5.9149,-6.4531
-6.5775,0.26729,-5.9581
0.076368,-7.1234,-5.657
6.9622,-0.16122,-5.9011
6.6645,6.2105,0.723
-6.1014,6.8411,0.42064
6.8356,-6.096,0.597
-6.4984,-6.5107,0.55045
-6.5775,0.26729,6.928
6.9622,-0.16122,6.985
-5.8881,6.0366,-5.186
0.076368,-7.1234,7.2291
-6.0154,-6.3237,-5.9551
7.049,-6.9005,-5.0096
-6.0154,-6.3237,6.931
7.1475,6.3976,-5.7826
-5.8881,6.0366,7.7001
7.1475,6.3976,7.1036
-12.45,-0.28779,0.04
0.71283,12.433,0.21255
7.049,-6.9005,7.8765
0,0,-12.886
0,0,12.886
0.48701,-13.225,0.21636
6.5457,0.14779,-11.737
13.65,-0.50362,0.38891
0.45255,-6.2763,-12.391
0.3684,12.533,-6.3491
0.3684,12.533,6.537
-12.484,6.6608,0.31864
6.682,-12.499,0.063357
0.22203,6.1391,12.8
-6.2551,0.43841,12.773
-6.6172,-12.573,0.97645
-12.794,-0.18774,6.3644
0.22203,6.1391,-12.972
-12.794,-0.18774,-6.5217
-6.2551,0.43841,-12.999
-12.941,-6.5821,-0.25855
0.14258,-13.125,-6.3453
-6.3914,13.085,0.97264
0.14258,-13.125,6.5408
13.305,-0.40357,-6.1728
0.45255,-6.2763,13.381
13.159,-6.7979,0.090357
6.9078,13.16,0.059551
13.305,-0.40357,6.7134
13.615,6.4449,0.66755
6.6645,6.2105,-12.163
-12.861,5.8136,-5.8334
6.3595,-12.67,-5.7818
6.8356,-6.096,-12.289
-5.9749,12.776,-6.0775
13.239,5.5978,-5.4844
-6.4984,-6.5107,-12.336
-6.1014,6.8411,-12.465
6.5457,0.14779,14.035
-6.2007,-12.882,-6.0737
-12.639,-6.8063,6.2604
-5.9749,12.776,6.8086
6.5854,12.988,-5.7856
-12.861,5.8136,7.0528
-12.639,-6.8063,-6.6257
-6.2007,-12.882,6.8124
6.3595,-12.67,7.1044
-6.1014,6.8411,13.307
13.239,5.5978,7.4017
6.5854,12.988,7.1006
-6.4984,-6.5107,13.437
6.8356,-6.096,13.483
6.6645,6.2105,13.609
13.461,-7.0221,-6.2768
13.461,-7.0221,6.6094
0.71283,12.433,-12.674
-12.45,-0.28779,-12.846
-12.45,-0.28779,12.926
0.71283,12.433,13.099
12.937,-12.937,0.17636
-12.937,12.937,-0.17636
-13.163,-12.721,-0.17255
13.163,12.721,0.17255
0.48701,-13.225,-12.67
13.65,-0.50362,-12.497
-6.6172,-12.573,-11.91
0.48701,-13.225,13.102
-6.3914,13.085,-11.913
-12.701,12.311,6.4276
-12.701,12.311,-6.4585
-12.484,6.6608,-12.567
13.65,-0.50362,13.275
13.399,12.095,-6.1096
6.682,-12.499,-12.823
6.682,-12.499,12.949
-12.941,-6.5821,12.628
13.399,12.095,6.7766
-12.484,6.6608,13.205
13.615,6.4449,-12.219
13.159,-6.7979,-12.796
-12.941,-6.5821,-13.145
6.9078,13.16,-12.827
-12.927,-13.348,6.4314
-12.927,-13.348,-6.4547
13.159,-6.7979,12.976
6.9078,13.16,12.946
-6.6172,-12.573,13.863
13.173,-13.564,-6.1058
13.173,-13.564,6.7804
-6.3914,13.085,13.859
13.615,6.4449,13.554
12.937,-12.937,-12.71
-12.937,12.937,12.71
-13.163,-12.721,12.714
13.163,12.721,-12.714
12.937,-12.937,13.062
-12.937,12.937,-13.062
-13.163,-12.721,-13.059
13.163,12.721,13.059
