-9.3198,1.8491,-8.4362
-9.3434,-9.5513,-8.7072
1.517,-8.9878,-8.4362
-3.4235,-3.4829,-8.5382
-9.5294,-3.5558,-8.3192
-3.712,-9.4396,-8.5002
-9.3198,1.8491,3.132
-9.3434,-9.5513,2.861
1.517,-8.9878,3.132
-3.4235,-3.4829,3.03
-8.4023,-8.6257,-3.063
-7.9476,-3.3557,-3.301
-2.9236,-8.2609,-2.699
-9.5294,-3.5558,3.249
-3.712,-9.4396,3.068
-8.4023,-8.6257,8.5052
-7.9476,-3.3557,8.2672
-2.9236,-8.2609,8.8692
-8.7699,7.4208,-8.4762
-3.0816,7.7471,-8.9432
2.733,2.5251,-8.7072
8.6529,8.5935,-8.5382
-3.5829,2.2719,-8.7032
2.0669,-3.416,-8.4762
2.547,8.5206,-8.3192
8.3644,2.6368,-8.5002
7.7552,-3.0898,-8.9432
7.2539,-8.5649,-8.7032
-8.1038,2.9759,-2.796
-7.4781,8.7155,-2.755
-8.7699,7.4208,3.092
-3.0816,7.7471,2.625
2.733,2.5251,2.861
8.6529,8.5935,3.03
-2.4798,-2.5604,-2.656
2.733,-7.8609,-2.796
3.6741,3.4507,-3.063
-1.8943,8.9145,-2.852
-1.946,3.083,-2.94
3.3588,-2.1213,-2.755
4.1288,8.7207,-3.301
9.1528,3.8155,-2.699
-3.5829,2.2719,2.865
2.0669,-3.416,3.092
2.547,8.5206,3.249
8.3644,2.6368,3.068
7.7552,-3.0898,2.625
8.9425,-1.9223,-2.852
8.8909,-7.7539,-2.94
7.2539,-8.5649,2.865
-8.1038,2.9759,8.7722
-7.4781,8.7155,8.8132
-2.4798,-2.5604,8.9122
2.733,-7.8609,8.7722
3.6741,3.4507,8.5052
-1.8943,8.9145,8.7162
-1.946,3.083,8.6282
3.3588,-2.1213,8.8132
4.1288,8.7207,8.2672
9.1528,3.8155,8.8692
8.9425,-1.9223,8.7162
8.8909,-7.7539,8.6282
9.5966,9.516,-2.656
9.5966,9.516,8.9122
-8.8195,-8.1576,-8.6472
-8.1944,-2.9335,-8.5332
-2.7836,-8.2679,-8.5802
-9.1256,-9.9162,-2.86
-9.0054,1.8161,-2.562
-3.1866,-3.8641,-2.762
-8.8195,-8.1576,2.921
-8.1944,-2.9335,3.035
-2.7836,-8.2679,2.988
-9.3427,-3.6477,-2.828
-4.1123,-9.1653,-2.606
1.8314,-9.0207,-2.562
-9.1256,-9.9162,8.7082
-9.0054,1.8161,9.0062
-3.1866,-3.8641,8.8062
-9.3427,-3.6477,8.7402
-4.1123,-9.1653,8.9622
1.8314,-9.0207,9.0062
-8.4737,3.0799,-8.5732
-2.0652,8.8364,-8.7752
-7.4151,8.06,-8.2872
-2.9211,-2.081,-8.6482
2.3632,-7.757,-8.5732
3.2569,3.9188,-8.6472
8.7717,-2.0004,-8.7752
-2.2684,3.0052,-8.6772
3.4217,-2.7768,-8.2872
3.882,9.1429,-8.5332
9.2928,3.8085,-8.5802
8.5684,-7.8316,-8.6772
-8.4737,3.0799,2.995
-2.0652,8.8364,2.793
-7.4151,8.06,3.281
-8.8308,8.0968,-2.644
-2.6736,7.653,-2.903
2.9508,2.1602,-2.86
8.8897,8.2123,-2.762
-2.9211,-2.081,2.92
2.3632,-7.757,2.995
3.2569,3.9188,2.921
8.7717,-2.0004,2.793
-2.2684,3.0052,2.891
3.4217,-2.7768,3.281
3.882,9.1429,3.035
9.2928,3.8085,2.988
-3.38,2.7436,-2.732
2.0061,-2.74,-2.644
2.7337,8.4287,-2.828
7.9641,2.9112,-2.606
8.1632,-3.1838,-2.903
8.5684,-7.8316,2.891
7.4568,-8.0933,-2.732
-8.8308,8.0968,8.9242
-2.6736,7.653,8.6652
2.9508,2.1602,8.7082
8.8897,8.2123,8.8062
-3.38,2.7436,8.8362
2.0061,-2.74,8.9242
2.7337,8.4287,8.7402
7.9641,2.9112,8.9622
8.1632,-3.1838,8.6652
7.4568,-8.0933,8.8362
9.1553,9.9954,-8.6482
9.1553,9.9954,2.92
-11.703,5.5034,-8.3992
-11.196,2.122,-11.167
-11.42,-12.495,-8.6542
-11.555,-1.013,-8.6912
-5.6021,-6.5525,-8.5722
-6.5822,0.097137,-8.3642
-0.86592,-5.3334,-8.3992
-12.045,-5.8574,-8.8842
-6.9301,-11.62,-8.6992
-11.334,-9.0755,-6.1812
-5.4395,-3.0226,-6.0412
-8.9828,-5.6198,-5.8822
-3.5409,-11.364,-5.8582
-11.558,-9.3265,-11.254
-5.3193,-2.9986,-11.173
-0.35964,-8.7148,-11.167
-12.235,-3.432,-11.885
-6.6932,-8.7537,-11.725
-9.3314,-12.222,-11.924
-8.7862,-1.0661,-12.026
-3.2736,-6.3835,-11.638
-9.0196,-5.6622,-11.293
-3.6866,-11.451,-10.977
-0.71773,-11.85,-8.6912
4.2546,-10.74,-8.3642
2.0506,-11.903,-12.026
-12.063,-0.14851,-2.829
-11.703,5.5034,3.169
-10.897,2.3822,-5.725
-11.196,2.122,0.401
-12.653,-11.9,-2.918
-6.1303,-6.0031,-2.881
-1.2258,-10.985,-2.829
-11.42,-12.495,2.914
-11.555,-1.013,2.877
-5.6021,-6.5525,2.996
-6.5822,0.097137,3.204
-0.86592,-5.3334,3.169
-12.045,-5.8574,2.684
-6.9301,-11.62,2.869
-11.275,-7.2044,-2.998
-5.9458,-12.528,-2.99
-12.182,-3.4179,-5.435
-6.4606,-8.9001,-5.672
-11.334,-9.0755,5.387
-5.4395,-3.0226,5.527
-0.059823,-8.4546,-5.725
-8.9828,-5.6198,5.686
-3.5409,-11.364,5.71
-9.3003,-12.433,-5.559
-8.5805,-0.95645,-5.233
-3.1951,-6.4351,-5.286
-11.558,-9.3265,0.314
-5.3193,-2.9986,0.395
-0.35964,-8.7148,0.401
-12.235,-3.432,-0.317
-6.6932,-8.7537,-0.157
-9.3314,-12.222,-0.356
-8.7862,-1.0661,-0.458
-3.2736,-6.3835,-0.07
-9.0196,-5.6622,0.275
-3.6866,-11.451,0.591
-0.71773,-11.85,2.877
4.2546,-10.74,3.204
2.2564,-11.793,-5.233
2.0506,-11.903,-0.458
-12.063,-0.14851,8.7392
-10.897,2.3822,5.8432
-11.196,2.122,11.969
-12.653,-11.9,8.6502
-6.1303,-6.0031,8.6872
-1.2258,-10.985,8.7392
-11.275,-7.2044,8.5702
-5.9458,-12.528,8.5782
-12.182,-3.4179,6.1332
-6.4606,-8.9001,5.8962
-0.059823,-8.4546,5.8432
-9.3003,-12.433,6.0092
-8.5805,-0.95645,6.3352
-3.1951,-6.4351,6.2822
-11.558,-9.3265,11.882
-5.3193,-2.9986,11.963
-0.35964,-8.7148,11.969
-12.235,-3.432,11.251
-6.6932,-8.7537,11.411
-9.3314,-12.222,11.212
-8.7862,-1.0661,11.11
-3.2736,-6.3835,11.498
-9.0196,-5.6622,11.843
-3.6866,-11.451,12.159
2.2564,-11.793,6.3352
2.0506,-11.903,11.11
-10.181,10.418,-8.6542
-5.6905,11.294,-8.6992
-4.4997,8.1102,-6.0332
-8.3223,5.7499,-5.7992
-2.3013,11.549,-5.8582
-4.965,8.2149,-11.456
-11.555,7.9059,-11.807
-8.0918,10.691,-11.924
-8.386,5.4176,-11.149
-2.447,11.463,-10.977
-5.3189,5.0431,-8.6412
0.6562,-0.41861,-8.6542
0.52184,11.063,-8.6912
6.4743,5.5239,-8.5722
5.4942,12.174,-8.3642
11.21,6.743,-8.3992
0.03182,6.219,-8.8842
5.1463,0.45679,-8.6992
0.74246,3.001,-6.1812
6.3371,-2.7266,-6.0332
6.6369,9.0538,-6.0412
-2.972,0.52255,-6.1462
2.5145,-5.0869,-5.7992
3.0936,6.4566,-5.8822
8.5355,0.71206,-5.8582
0.51831,2.7499,-11.254
5.8718,-2.622,-11.456
6.7571,9.0778,-11.173
11.717,3.3616,-11.167
-6.0769,2.5852,-11.857
-0.71771,-2.931,-11.807
-0.1591,8.6444,-11.885
5.3832,3.3227,-11.725
-2.4699,5.1286,-12.039
2.745,-0.14566,-11.924
3.2902,11.01,-12.026
8.8028,5.6929,-11.638
-3.0915,0.37477,-11.213
2.4508,-5.4193,-11.149
3.0568,6.4142,-11.293
8.3898,0.62579,-10.977
5.518,-5.7938,-8.6412
11.493,-11.255,-8.6542
11.359,0.22655,-8.6912
10.869,-4.6178,-8.8842
11.579,-7.8359,-6.1812
7.8648,-10.314,-6.1462
11.355,-8.0869,-11.254
4.7599,-8.2517,-11.857
10.678,-2.1925,-11.885
8.3669,-5.7082,-12.039
7.7453,-10.462,-11.213
-11.413,11.013,-2.918
-6.3248,5.7124,-2.833
0.013738,11.928,-2.829
-10.181,10.418,2.914
-5.6905,11.294,2.869
-4.7062,10.386,-2.99
-10.82,4.9396,-2.715
-11.616,8.1484,-5.572
-4.4997,8.1102,5.535
-8.3223,5.7499,5.769
-2.3013,11.549,5.71
-8.0607,10.48,-5.559
-4.965,8.2149,0.112
-11.555,7.9059,-0.239
-8.0918,10.691,-0.356
-8.386,5.4176,0.419
-2.447,11.463,0.591
-0.57629,0.17607,-2.918
4.512,-5.1244,-2.833
5.9461,6.0733,-2.881
10.851,1.0911,-2.829
-5.3189,5.0431,2.927
0.6562,-0.41861,2.914
0.52184,11.063,2.877
6.4743,5.5239,2.996
5.4942,12.174,3.204
11.21,6.743,3.169
0.03182,6.219,2.684
5.1463,0.45679,2.869
0.80186,4.872,-2.998
6.1306,-0.45113,-2.99
-5.2899,-0.70216,-2.731
0.016971,-5.8973,-2.715
-6.2218,2.5675,-5.273
-0.77923,-2.6884,-5.572
-0.10536,8.6585,-5.435
5.6158,3.1763,-5.672
0.74246,3.001,5.387
6.3371,-2.7266,5.535
6.6369,9.0538,5.527
12.017,3.6218,-5.725
-2.972,0.52255,5.422
2.5145,-5.0869,5.769
3.0936,6.4566,5.686
8.5355,0.71206,5.71
-2.5633,4.669,-5.432
2.7761,-0.35638,-5.559
3.4959,11.12,-5.233
8.8813,5.6413,-5.286
0.51831,2.7499,0.314
5.8718,-2.622,0.112
6.7571,9.0778,0.395
11.717,3.3616,0.401
-6.0769,2.5852,-0.289
-0.71771,-2.931,-0.239
-0.1591,8.6444,-0.317
5.3832,3.3227,-0.157
-2.4699,5.1286,-0.471
2.745,-0.14566,-0.356
3.2902,11.01,-0.458
8.8028,5.6929,-0.07
-3.0915,0.37477,0.355
2.4508,-5.4193,0.419
3.0568,6.4142,0.275
8.3898,0.62579,0.591
10.261,-10.661,-2.918
5.518,-5.7938,2.927
11.493,-11.255,2.914
11.359,0.22655,2.877
10.869,-4.6178,2.684
11.639,-5.9649,-2.998
5.547,-11.539,-2.731
4.615,-8.2693,-5.273
10.731,-2.1783,-5.435
11.579,-7.8359,5.387
7.8648,-10.314,5.422
8.2736,-6.1678,-5.432
11.355,-8.0869,0.314
4.7599,-8.2517,-0.289
10.678,-2.1925,-0.317
8.3669,-5.7082,-0.471
7.7453,-10.462,0.355
-11.413,11.013,8.6502
-6.3248,5.7124,8.7352
0.013738,11.928,8.7392
-4.7062,10.386,8.5782
-10.82,4.9396,8.8532
-11.616,8.1484,5.9962
-8.0607,10.48,6.0092
-4.965,8.2149,11.68
-11.555,7.9059,11.329
-8.0918,10.691,11.212
-8.386,5.4176,11.987
-2.447,11.463,12.159
-0.57629,0.17607,8.6502
4.512,-5.1244,8.7352
5.9461,6.0733,8.6872
10.851,1.0911,8.7392
0.80186,4.872,8.5702
6.1306,-0.45113,8.5782
-5.2899,-0.70216,8.8372
0.016971,-5.8973,8.8532
-6.2218,2.5675,6.2952
-0.77923,-2.6884,5.9962
-0.10536,8.6585,6.1332
5.6158,3.1763,5.8962
12.017,3.6218,5.8432
-2.5633,4.669,6.1362
2.7761,-0.35638,6.0092
3.4959,11.12,6.3352
8.8813,5.6413,6.2822
0.51831,2.7499,11.882
5.8718,-2.622,11.68
6.7571,9.0778,11.963
11.717,3.3616,11.969
-6.0769,2.5852,11.279
-0.71771,-2.931,11.329
-0.1591,8.6444,11.251
5.3832,3.3227,11.411
-2.4699,5.1286,11.097
2.745,-0.14566,11.212
3.2902,11.01,11.11
8.8028,5.6929,11.498
-3.0915,0.37477,11.923
2.4508,-5.4193,11.987
3.0568,6.4142,11.843
8.3898,0.62579,12.159
10.261,-10.661,8.6502
11.639,-5.9649,8.5702
5.547,-11.539,8.8372
4.615,-8.2693,6.2952
10.731,-2.1783,6.1332
8.2736,-6.1678,6.1362
11.355,-8.0869,11.882
4.7599,-8.2517,11.279
10.678,-2.1925,11.251
8.3669,-5.7082,11.097
7.7453,-10.462,11.923
12.733,11.658,-8.6542
9.1044,12.599,-6.1462
11.359,9.1455,-11.807
8.9849,12.451,-11.213
11.5,12.252,-2.918
12.733,11.658,2.914
6.7865,11.374,-2.731
12.093,6.1791,-2.715
11.297,9.388,-5.572
9.1044,12.599,5.422
11.359,9.1455,-0.239
8.9849,12.451,0.355
11.5,12.252,8.6502
6.7865,11.374,8.8372
12.093,6.1791,8.8532
11.297,9.388,5.9962
11.359,9.1455,11.329
8.9849,12.451,11.923
0,0,0
-0.20011,0.044548,5.664
0.27506,5.6816,-0.338
-0.33446,-5.7481,-0.009
5.7467,0.47305,0.168
-5.7721,-0.27506,0.019
-0.20011,0.044548,-5.9042
-5.4504,5.3585,-0.138
5.3864,-5.4784,-0.138
0.32173,5.6462,5.615
-0.33305,-5.6321,-5.668
5.7792,0.07566,-5.69
-0.33305,-5.6321,5.9002
0.32173,5.6462,-5.9532
-5.8902,-0.1895,-5.721
5.7792,0.07566,5.8782
-5.8902,-0.1895,5.8472
-6.2138,-5.6877,0.26
5.8626,6.3887,0.26
-5.3429,5.4009,-5.526
5.4939,-5.436,-5.526
-5.3429,5.4009,6.0422
5.4939,-5.436,6.0422
-6.0122,-6.0618,-5.7762
6.0641,6.0147,-5.7762
-6.0122,-6.0618,5.792
6.0641,6.0147,5.792
11.4,0.56455,0.032
0.56286,11.401,0.032
-0.67672,-11.512,0.032
-11.514,-0.67502,0.032
5.0088e-16,-5.0088e-16,-11.568
-5.0088e-16,5.0088e-16,11.568
5.0647,-11.112,0.019
11.112,-5.1552,-0.338
-11.171,5.0888,-0.009
-5.0902,11.31,0.168
0.27506,5.6816,11.23
11.331,0.64771,-5.599
-0.74572,-11.429,-5.599
5.7467,0.47305,-11.4
0.49386,11.485,-5.599
11.331,0.64771,5.9692
-11.583,-0.59187,-5.599
-0.33446,-5.7481,11.559
-5.7721,-0.27506,-11.549
-0.74572,-11.429,5.9692
-0.33446,-5.7481,-11.577
-5.7721,-0.27506,11.587
0.49386,11.485,5.9692
-11.583,-0.59187,5.9692
5.7467,0.47305,11.736
0.27506,5.6816,-11.906
-6.3297,-11.603,0.168
-5.0576,10.912,-5.69
11.742,6.3283,-0.009
4.9466,-11.026,-5.721
6.3043,11.801,0.019
-5.0576,10.912,5.8782
4.9466,-11.026,5.8472
-11.801,-6.3948,-0.338
11.159,-5.1906,5.615
-11.17,5.2047,-5.668
-11.17,5.2047,5.9002
11.159,-5.1906,-5.9532
-5.4504,5.3585,11.43
5.3864,-5.4784,11.43
-5.4504,5.3585,-11.706
5.3864,-5.4784,-11.706
-6.2138,-5.6877,-11.308
5.8626,6.3887,-11.308
-6.2138,-5.6877,11.828
-11.755,-6.4302,5.615
11.743,6.4443,-5.668
6.1862,11.887,-5.721
6.1862,11.887,5.8472
11.743,6.4443,5.9002
-11.755,-6.4302,-5.9532
5.8626,6.3887,11.828
-6.2972,-12.001,-5.69
-6.2972,-12.001,5.8782
-10.837,10.837,-9.3842e-16
10.837,-10.837,9.3842e-16
10.637,-10.792,5.664
11.4,0.56455,-11.536
0.56286,11.401,-11.536
10.637,-10.792,-5.9042
11.4,0.56455,11.6
0.56286,11.401,11.6
-0.67672,-11.512,-11.536
-11.514,-0.67502,-11.536
-0.67672,-11.512,11.6
-11.514,-0.67502,11.6
-11.037,10.881,5.664
-11.037,10.881,-5.9042
11.112,-5.1552,11.23
5.0647,-11.112,-11.549
5.0647,-11.112,11.587
-5.0902,11.31,-11.4
-11.171,5.0888,11.559
-11.171,5.0888,-11.577
-5.0902,11.31,11.736
-12.076,-12.076,7.9602e-22
12.076,12.076,-7.9602e-22
11.112,-5.1552,-11.906
-6.3297,-11.603,-11.4
-11.801,-6.3948,11.23
11.742,6.3283,11.559
11.742,6.3283,-11.577
6.3043,11.801,-11.549
-6.3297,-11.603,11.736
6.3043,11.801,11.587
11.876,12.121,5.664
-11.801,-6.3948,-11.906
11.876,12.121,-5.9042
-12.277,-12.032,5.664
-12.277,-12.032,-5.9042
-10.837,10.837,-11.568
10.837,-10.837,-11.568
-10.837,10.837,11.568
10.837,-10.837,11.568
-12.076,-12.076,-11.568
-12.076,-12.076,11.568
12.076,12.076,-11.568
12.076,12.076,11.568
