-8.8093,-8.1011,-9.3244
-2.9445,-9.3781,-9.3404
-9.2908,-7.7567,-4.0048
-8.8093,-8.1011,2.1852
-9.0963,-2.7836,-3.3908
-2.9445,-9.3781,2.1692
-9.2908,-7.7567,7.5049
-9.0963,-2.7836,8.1189
9.5676,-8.5254,-8.67
9.1752,-2.6274,-2.9334
8.1124,-8.4773,-2.9634
9.5676,-8.5254,2.8396
9.1752,-2.6274,8.5763
8.1124,-8.4773,8.5463
2.8631,-8.7575,-8.7267
-2.8023,-2.7061,-9.1907
8.3919,-2.4636,-9.2407
3.2145,3.2004,-9.0967
2.5237,-2.7089,-8.7687
-2.0874,3.1297,-8.8947
9.0793,1.9233,-9.1127
-8.1749,-3.177,-8.7457
2.9628,-8.1148,-3.234
-3.0406,-2.7704,-2.281
-2.4798,9.0276,-3.158
2.733,3.5447,-3.777
2.8631,-8.7575,2.783
-2.8023,-2.7061,2.319
8.3919,-2.4636,2.269
3.2145,3.2004,2.413
2.7245,-3.4528,-3.391
-3.5426,3.1777,-3.188
-2.3066,-8.3212,-2.603
2.9274,8.5178,-3.163
2.5237,-2.7089,2.741
-2.0874,3.1297,2.615
9.0793,1.9233,2.397
-8.1749,-3.177,2.764
2.9628,-8.1148,8.2757
-3.0406,-2.7704,9.2287
-2.4798,9.0276,8.3517
2.733,3.5447,7.7327
2.7245,-3.4528,8.1187
-3.5426,3.1777,8.3217
-2.3066,-8.3212,8.9067
2.9274,8.5178,8.3467
-8.7919,2.8975,-8.9513
-3.2631,9.1915,-9.4653
-9.1314,8.9461,-8.9933
-8.6922,3.5403,-3.4586
-8.7919,2.8975,2.5584
-3.2631,9.1915,2.0444
-8.9305,8.2022,-3.6156
-9.1314,8.9461,2.5164
-8.6922,3.5403,8.051
-8.9305,8.2022,7.894
9.2215,8.5953,-8.9629
3.8489,8.1244,-8.5179
8.9832,8.531,-2.0532
9.2215,8.5953,2.5468
9.7172,2.9802,-2.3752
3.8489,8.1244,2.9918
8.9832,8.531,9.4564
9.7172,2.9802,9.1344
-9.7893,-2.1303,-9.4074
-8.7605,-8.9687,-8.1014
-4.0023,-8.5494,-3.2718
-9.7016,-2.6832,-4.7558
-9.7893,-2.1303,2.1022
-9.6245,-8.8386,-3.0428
-8.7605,-8.9687,3.4082
-4.0023,-8.5494,8.2379
-9.7016,-2.6832,6.7539
-9.6245,-8.8386,8.4669
9.2063,-9.1554,-7.365
3.6258,-8.4907,-9.18
8.8916,-4.0621,-8.687
8.828,-9.7628,-2.8424
9.2063,-9.1554,4.1446
2.8353,-9.8823,-2.5494
3.6258,-8.4907,2.3296
8.8916,-4.0621,2.8226
8.828,-9.7628,8.6673
2.8353,-9.8823,8.9603
-1.7218,-8.841,-8.2857
2.2345,9.1712,-9.1797
3.8247,-3.416,-8.5647
-2.4487,2.4996,-7.5897
-2.9911,-4.1422,-8.7787
-8.0292,3.1643,-9.4047
3.2633,2.3327,-7.8737
-2.7634,7.5929,-8.9117
8.0214,2.7521,-3.044
2.3221,8.6182,-4.528
3.6805,-2.3992,-2.991
-2.827,1.8922,-3.067
-1.7218,-8.841,3.224
2.2345,9.1712,2.33
3.8247,-3.416,2.945
-2.4487,2.4996,3.92
-2.6135,-3.5171,-3.54
-8.8197,1.7727,-2.774
2.3992,2.4629,-2.815
8.4542,-3.0123,-2.494
-2.9911,-4.1422,2.731
-8.0292,3.1643,2.105
3.2633,2.3327,3.636
-2.7634,7.5929,2.598
8.0214,2.7521,8.4657
2.3221,8.6182,6.9817
3.6805,-2.3992,8.5187
-2.827,1.8922,8.4427
-2.6135,-3.5171,7.9697
-8.8197,1.7727,8.7357
2.3992,2.4629,8.6947
8.4542,-3.0123,9.0157
-7.8303,8.239,-8.7893
-7.9745,9.2558,-3.2156
-7.8303,8.239,2.7204
-3.2009,8.6427,-2.7186
-7.9745,9.2558,8.294
-3.2009,8.6427,8.791
10.302,2.4605,-8.0579
9.0327,7.1592,-8.5509
10.302,2.4605,3.4518
9.4103,7.7843,-3.3122
9.0327,7.1592,2.9588
9.4103,7.7843,8.1974
-9.097,-11.521,-12.475
-3.3794,-10.796,-11.985
-9.2929,-5.6375,-12.145
-8.8983,-5.5725,-6.5024
-11.959,-8.4051,-6.2604
-6.6101,-8.2496,-12.652
-12.399,-2.5432,-11.432
-12.505,-2.6097,-7.1544
-7.2918,-11.33,-9.2664
-11.538,-5.7712,-9.3194
-11.348,-10.713,-8.8604
-5.3953,-6.1268,-8.8284
-9.097,-11.521,-0.96575
-9.2837,-11.441,-5.7598
-3.3794,-10.796,-0.47575
-9.2929,-5.6375,-0.63575
-3.2747,-10.401,-5.7418
-8.8983,-5.5725,5.0072
-12.54,-8.0035,-1.6788
-11.959,-8.4051,5.2492
-6.6101,-8.2496,-1.1428
-12.399,-2.5432,0.077248
-6.2092,-8.4384,-5.8308
-12.505,-2.6097,4.3552
-5.9815,-11.425,-3.5188
-12.259,-5.1072,-3.5708
-7.2918,-11.33,2.2432
-11.538,-5.7712,2.1902
-12.015,-10.983,-3.0918
-11.348,-10.713,2.6492
-5.3953,-6.1268,2.6812
-9.097,-11.521,10.544
-9.2837,-11.441,5.7499
-3.3794,-10.796,11.034
-9.2929,-5.6375,10.874
-3.2747,-10.401,5.7679
-12.54,-8.0035,9.8309
-6.6101,-8.2496,10.367
-12.399,-2.5432,11.587
-6.2092,-8.4384,5.6789
-5.9815,-11.425,7.9909
-12.259,-5.1072,7.9389
-12.015,-10.983,8.4179
2.9611,-11.886,-11.633
8.519,-5.8942,-12.21
2.9527,-12.262,-6.181
8.9645,-6.2944,-6.061
8.8902,-11.509,-11.807
11.139,-8.3571,-12.736
11.72,-8.7587,-5.808
5.2232,-8.6781,-12.057
11.28,-2.8968,-10.98
6.0604,-9.2551,-5.744
11.174,-2.9633,-6.702
6.1629,-10.377,-8.629
12.141,-6.1247,-8.867
12.331,-11.067,-8.408
2.9611,-11.886,-0.12338
8.519,-5.8942,-0.70038
2.9527,-12.262,5.3286
8.9645,-6.2944,5.4486
8.8902,-11.509,-0.29738
8.565,-12.055,-5.4604
11.139,-8.3571,-1.2264
11.72,-8.7587,5.7016
5.2232,-8.6781,-0.54738
11.28,-2.8968,0.52962
6.0604,-9.2551,5.7656
11.174,-2.9633,4.8076
5.8235,-11.53,-2.7004
11.42,-5.4608,-3.1184
6.1629,-10.377,2.8806
12.141,-6.1247,2.6426
11.664,-11.336,-2.6394
0.44172,-12.04,-2.9864
12.331,-11.067,3.1016
2.9611,-11.886,11.386
8.519,-5.8942,10.809
8.8902,-11.509,11.212
8.565,-12.055,6.0493
11.139,-8.3571,10.283
5.2232,-8.6781,10.962
11.28,-2.8968,12.039
5.8235,-11.53,8.8093
11.42,-5.4608,8.3913
11.664,-11.336,8.8703
0.44172,-12.04,8.5233
-3.0307,-6.108,-11.748
-8.6939,-0.23122,-11.858
2.9267,-0.21991,-12.248
-3.136,5.7608,-12.435
-2.4339,-6.6185,-6.0677
-8.7024,-0.6074,-6.4057
-2.6905,5.3606,-6.2857
3.1169,-5.6243,-11.447
-2.7648,0.14566,-12.032
8.6444,0.50558,-11.758
2.7308,5.6639,-11.918
3.7272,-5.7127,-6.2267
3.1254,5.729,-6.2747
0.31466,-8.3799,-11.984
-5.5904,-2.8214,-11.392
5.9927,-2.5958,-11.552
-0.51619,3.2979,-12.961
-5.2234,-3.0512,-6.5377
6.4679,-2.9083,-6.4717
0.065054,2.8963,-6.0327
-0.050912,-2.6502,-11.77
-6.4318,2.9769,-12.282
5.4136,3.0519,-12.425
-0.37477,8.7582,-11.205
-0.49073,-3.1396,-6.5027
-5.5946,2.3999,-5.9687
-0.48083,8.6918,-6.9267
-0.18526,-5.7954,-9.0727
-5.4921,1.2777,-8.8537
4.732,-0.028284,-9.0387
0.48578,5.5303,-9.0917
6.2211,-5.5239,-9.0067
0.67599,0.58831,-8.6327
0.53245,-10.94,-9.1257
6.6284,5.1746,-8.6007
-3.0307,-6.108,-0.238
-8.6939,-0.23122,-0.348
2.9267,-0.21991,-0.738
-3.136,5.7608,-0.925
-2.4339,-6.6185,5.442
-8.7024,-0.6074,5.104
2.74,-0.1393,-5.532
-2.6905,5.3606,5.224
3.1169,-5.6243,0.063
-2.7648,0.14566,-0.522
8.6444,0.50558,-0.248
2.7308,5.6639,-0.408
3.7272,-5.7127,5.283
-3.0901,-0.40022,-5.685
8.749,0.90015,-5.514
3.1254,5.729,5.235
0.31466,-8.3799,-0.474
-5.5904,-2.8214,0.118
5.9927,-2.5958,-0.042
-0.51619,3.2979,-1.451
0.09051,-8.8742,-5.454
-5.2234,-3.0512,4.972
6.4679,-2.9083,5.038
0.065054,2.8963,5.477
-0.050912,-2.6502,-0.26
-6.4318,2.9769,-0.772
5.4136,3.0519,-0.915
-0.37477,8.7582,0.305
-0.49073,-3.1396,5.007
-5.5946,2.3999,5.541
5.8145,2.8631,-5.603
-0.48083,8.6918,4.583
0.12021,-5.374,-3.643
-5.8315,0.12516,-2.925
6.0422,-0.12374,-3.291
-0.23476,6.1943,-3.343
-0.18526,-5.7954,2.437
-5.4921,1.2777,2.656
4.732,-0.028284,2.471
0.48578,5.5303,2.418
6.1405,-4.7164,-3.31
0.0091924,0.31891,-2.864
-11.213,-0.38467,-3.211
-5.5062,-5.461,-3.126
6.2211,-5.5239,2.503
0.67599,0.58831,2.877
0.53245,-10.94,2.384
6.6284,5.1746,2.909
-3.0307,-6.108,11.272
-8.6939,-0.23122,11.162
2.9267,-0.21991,10.772
-3.136,5.7608,10.585
2.74,-0.1393,5.9777
3.1169,-5.6243,11.573
-2.7648,0.14566,10.988
8.6444,0.50558,11.262
2.7308,5.6639,11.102
-3.0901,-0.40022,5.8247
8.749,0.90015,5.9957
0.31466,-8.3799,11.036
-5.5904,-2.8214,11.628
5.9927,-2.5958,11.468
-0.51619,3.2979,10.059
0.09051,-8.8742,6.0557
-0.050912,-2.6502,11.25
-6.4318,2.9769,10.738
5.4136,3.0519,10.595
-0.37477,8.7582,11.815
5.8145,2.8631,5.9067
0.12021,-5.374,7.8667
-5.8315,0.12516,8.5847
6.0422,-0.12374,8.2187
-0.23476,6.1943,8.1667
6.1405,-4.7164,8.1997
0.0091924,0.31891,8.6457
-11.213,-0.38467,8.2987
-5.5062,-5.461,8.3837
-8.7283,11.435,-12.472
-8.5381,6.0307,-11.671
-3.0106,12.161,-11.982
-7.9279,5.9423,-6.4513
-11.34,3.2751,-12.208
-5.6623,9.0592,-11.776
-5.1871,8.7467,-6.6963
-11.706,9.0048,-11.994
-12.146,8.5155,-6.7273
-11.84,5.8596,-9.2973
-6.9231,11.627,-9.2633
-5.4339,6.1311,-9.2313
-10.979,12.243,-8.8573
-11.123,0.71537,-9.3503
-8.7283,11.435,-0.96262
-8.915,11.516,-5.7566
-8.5381,6.0307,-0.16162
-3.0106,12.161,-0.47262
-7.9279,5.9423,5.0584
-2.906,12.555,-5.7386
-11.34,3.2751,-0.69862
-5.6623,9.0592,-0.26662
-11.565,2.7808,-5.6786
-5.1871,8.7467,4.8134
-11.706,9.0048,-0.48462
-12.146,8.5155,4.7824
-11.535,6.281,-3.8676
-5.6128,11.531,-3.5156
-11.84,5.8596,2.2124
-6.9231,11.627,2.2464
-5.5145,6.9386,-3.5346
-11.646,11.974,-3.0886
-5.4339,6.1311,2.2784
-10.979,12.243,2.6524
-11.123,0.71537,2.1594
-8.7283,11.435,10.547
-8.915,11.516,5.753
-8.5381,6.0307,11.348
-3.0106,12.161,11.037
-2.906,12.555,5.771
-11.34,3.2751,10.811
-5.6623,9.0592,11.243
-11.565,2.7808,5.831
-11.706,9.0048,11.025
-11.535,6.281,7.642
-5.6128,11.531,7.994
-5.5145,6.9386,7.975
-11.646,11.974,8.421
12.465,-0.73825,-2.7586
12.465,-0.73825,8.751
8.9931,5.1934,-11.52
3.3299,11.07,-11.63
9.5899,4.6829,-5.8399
3.3214,10.694,-6.1779
9.259,11.447,-11.804
12.338,2.9215,-11.756
6.4334,8.4801,-11.164
6.8004,8.2503,-6.3099
11.973,8.6512,-11.542
11.533,8.1619,-6.2749
11.838,5.506,-8.8449
6.5317,12.579,-8.6259
12.7,11.89,-8.4049
12.556,0.36178,-8.8979
8.9931,5.1934,-0.010248
3.3299,11.07,-0.12025
9.5899,4.6829,5.6698
3.3214,10.694,5.3318
9.259,11.447,-0.29425
8.9337,10.901,-5.4572
12.338,2.9215,-0.24625
6.4334,8.4801,0.34575
12.114,2.4272,-5.2262
6.8004,8.2503,5.1998
11.973,8.6512,-0.032248
11.533,8.1619,5.2348
12.144,5.9274,-3.4152
6.1922,11.427,-2.6972
11.838,5.506,2.6648
6.5317,12.579,2.8838
12.033,11.62,-2.6362
0.81046,10.917,-2.9832
6.5175,5.8404,-2.8982
12.7,11.89,3.1048
12.556,0.36178,2.6118
8.9931,5.1934,11.499
3.3299,11.07,11.389
9.259,11.447,11.215
8.9337,10.901,6.0524
12.338,2.9215,11.263
6.4334,8.4801,11.855
12.114,2.4272,6.2834
11.973,8.6512,11.477
12.144,5.9274,8.0944
6.1922,11.427,8.8124
12.033,11.62,8.8734
0.81046,10.917,8.5264
6.5175,5.8404,8.6114
0.90119,12.017,-9.1225
0.90119,12.017,2.3871
0.63461,11.805,2.6071
0,0,0
-0.18314,-5.4214,-0.349
0.35143,-0.2086,5.624
-0.13859,5.7827,-0.332
-5.8273,-0.017678,-0.002
5.8888,0.12021,-0.159
0.35143,-0.2086,-5.8857
-0.026163,5.6646,5.306
5.6342,5.7205,-0.292
0.11102,-6.1285,5.377
5.9899,-5.5982,-0.248
-5.9383,-0.2291,-5.747
-5.9383,-0.2291,5.7627
-5.6651,6.0569,-0.47262
-0.026163,5.6646,-6.2037
6.4113,0.29345,5.556
-6.3895,-5.5809,-0.51975
0.11102,-6.1285,-6.1327
6.4113,0.29345,-5.9537
-5.6222,5.5119,5.598
-6.0678,-5.5831,5.2502
-5.6222,5.5119,-5.9117
5.956,5.7184,5.478
5.956,5.7184,-6.0317
6.0328,-6.1431,-5.687
-6.0678,-5.5831,-6.2594
6.0328,-6.1431,5.8226
0.21567,-11.172,-0.15
-11.439,0.48344,-0.37462
0,0,-11.51
0,0,11.51
0.58441,11.785,-0.14687
12.239,0.12985,0.077752
-0.18314,-5.4214,11.161
-0.12174,-11.174,5.4372
-0.13859,5.7827,11.178
-0.12174,-11.174,-6.0724
-6.135,-11.181,-0.38675
5.8888,0.12021,11.351
6.1965,11.284,0.22575
-11.777,0.48087,5.2126
-5.8273,-0.017678,11.508
-5.8273,-0.017678,-11.512
11.516,-5.8723,-0.10738
0.247,11.782,5.4404
-0.18314,-5.4214,-11.859
5.8278,-11.673,0.22262
5.8888,0.12021,-11.669
-5.7662,11.775,-0.38362
-0.13859,5.7827,-11.842
11.902,0.12728,5.665
11.841,5.88,-0.12125
0.247,11.782,-6.0693
11.902,0.12728,-5.8447
-11.777,0.48087,-6.297
-12.162,-5.5187,-0.55975
-11.838,6.2336,-0.57362
-5.6124,-11.008,5.3282
6.0855,11.072,-5.5192
5.6342,5.7205,11.218
-11.544,5.5265,5.1524
-5.6651,6.0569,11.037
-5.6124,-11.008,-6.1814
-6.3895,-5.5809,10.99
5.9899,-5.5982,11.262
6.0855,11.072,5.9904
-5.2437,11.948,5.3314
11.629,-5.9904,5.5306
-12.05,-5.6368,5.0782
5.6342,5.7205,-11.802
-11.544,5.5265,-6.3573
5.7167,-11.884,-5.5224
12.135,5.1729,5.6048
5.9899,-5.5982,-11.758
11.629,-5.9904,-5.979
-5.2437,11.948,-6.1783
12.135,5.1729,-5.9049
5.7167,-11.884,5.9873
-5.6651,6.0569,-11.982
-6.3895,-5.5809,-12.029
-12.05,-5.6368,-6.4314
0.21567,-11.172,11.36
-11.439,0.48344,11.135
0.21567,-11.172,-11.66
0.58441,11.785,11.363
11.655,-11.655,0.22462
-11.655,11.655,-0.22462
-11.439,0.48344,-11.884
-12.024,-11.301,-0.22775
12.024,11.301,0.22775
0.58441,11.785,-11.657
12.239,0.12985,-11.432
12.239,0.12985,11.587
-6.135,-11.181,11.123
-11.304,11.446,5.3994
6.1965,11.284,-11.284
-5.7662,11.775,11.126
-11.304,11.446,-6.1103
11.516,-5.8723,11.402
5.8278,-11.673,-11.287
-11.672,-11.51,5.3962
-12.162,-5.5187,10.95
-11.838,6.2336,10.936
11.516,-5.8723,-11.617
6.1965,11.284,11.735
-6.135,-11.181,-11.896
11.841,5.88,11.388
-11.672,-11.51,-6.1134
5.8278,-11.673,11.732
12.375,11.093,-5.6579
11.841,5.88,-11.631
12.375,11.093,5.8518
-5.7662,11.775,-11.893
12.006,-11.864,-5.661
12.006,-11.864,5.8486
-12.162,-5.5187,-12.069
-11.838,6.2336,-12.083
11.655,-11.655,-11.285
-11.655,11.655,11.285
-12.024,-11.301,11.282
12.024,11.301,-11.282
11.655,-11.655,11.734
-11.655,11.655,-11.734
-12.024,-11.301,-11.737
12.024,11.301,11.737
