-3.6649,-9.5763,-8.7888
-9.1874,-3.894,-9.5418
-9.6908,-10.121,-8.9428
-3.6649,-9.5763,3.314
-9.1874,-3.894,2.561
-8.5036,-9.0835,-3.27
-9.6908,-10.121,3.16
-8.5036,-9.0835,8.8328
-8.9114,8.1181,-9.0698
2.4982,-3.2916,-9.0698
-2.6799,1.9219,-8.5728
8.8325,2.9211,-8.7888
3.31,8.6034,-9.5418
-9.4554,2.3179,-8.8158
-3.3043,-3.5419,-9.1668
-3.2972,8.2413,-9.0448
2.8065,2.3766,-8.9428
8.7297,-9.4878,-8.5728
1.9542,-9.0918,-8.8158
8.1124,-3.1683,-9.0448
-8.9114,8.1181,3.033
-7.8861,9.166,-3.083
2.4982,-3.2916,3.033
-2.6799,1.9219,3.53
8.8325,2.9211,3.314
3.31,8.6034,2.561
-8.329,-2.7924,-2.813
-2.2253,3.31,-2.938
3.5235,-2.2436,-3.083
-7.9465,3.264,-3.205
-2.3624,-2.8107,-3.094
-1.8166,9.4151,-2.693
3.9937,3.4139,-3.27
-9.4554,2.3179,3.287
-3.3043,-3.5419,2.936
-3.2972,8.2413,3.058
2.8065,2.3766,3.16
8.7297,-9.4878,3.53
-2.6604,-8.6505,-2.785
9.1844,-8.0997,-2.938
3.4632,-8.1457,-3.205
9.5931,-1.9945,-2.693
1.9542,-9.0918,3.287
8.1124,-3.1683,3.058
-7.8861,9.166,9.0198
-8.329,-2.7924,9.2898
-2.2253,3.31,9.1648
3.5235,-2.2437,9.0198
-7.9465,3.264,8.8978
-2.3624,-2.8108,9.0088
-1.8166,9.4151,9.4098
3.9937,3.4139,8.8328
-2.6604,-8.6505,9.3178
9.1844,-8.0997,9.1648
3.4632,-8.1457,8.8978
9.5931,-1.9945,9.4098
9.193,8.9555,-9.1668
4.1683,9.705,-2.813
10.135,9.6866,-3.094
9.193,8.9555,2.936
9.8369,3.8468,-2.785
4.1683,9.705,9.2898
10.135,9.6866,9.0088
9.8369,3.8468,9.3178
-8.4428,-9.3168,-9.1138
-8.7419,-4.2108,-3.091
-8.4428,-9.3168,2.989
-9.8747,-9.4674,-2.797
-3.3314,-9.9862,-2.668
-8.7419,-4.2108,9.0118
-9.8747,-9.4674,9.3058
-3.3314,-9.9862,9.4348
-7.8479,9.1278,-8.7938
-8.6281,-2.6121,-9.0248
-2.9769,-8.2717,-9.0738
-2.593,3.3298,-9.0678
3.5617,-2.2818,-8.7938
-8.0363,2.7514,-9.0108
-2.0089,-2.7825,-9.1548
-2.0379,9.0269,-8.8318
4.0545,3.1806,-9.1138
8.8167,-8.0799,-9.0678
3.3734,-8.6583,-9.0108
9.3717,-2.3827,-8.8318
-7.8479,9.1278,3.309
-8.0228,7.7725,-2.561
-2.9218,1.9884,-2.935
3.7554,8.2866,-3.091
-8.6281,-2.6121,3.078
-2.9769,-8.2717,3.029
-2.593,3.3298,3.035
3.5617,-2.2818,3.309
-8.0363,2.7514,3.092
-2.0089,-2.7825,2.948
-2.0379,9.0269,3.271
4.0546,3.1806,2.989
-9.1896,2.4225,-3.17
-3.7781,-3.2506,-3.331
-2.9833,8.4874,-2.745
2.6227,3.03,-2.797
3.3868,-3.6372,-2.561
8.4879,-9.4213,-2.935
9.166,2.5111,-2.668
8.8167,-8.0799,3.035
3.3734,-8.6583,3.092
9.3717,-2.3827,3.271
2.2201,-8.9871,-3.17
8.4263,-2.9223,-2.745
-8.0228,7.7725,9.5418
-2.9218,1.9884,9.1678
3.7554,8.2866,9.0118
-9.1896,2.4225,8.9328
-3.7781,-3.2506,8.7718
-2.9833,8.4874,9.3578
2.6227,3.03,9.3058
3.3868,-3.6372,9.5418
8.4879,-9.4213,9.1678
9.166,2.5111,9.4348
2.2201,-8.9871,8.9328
8.4263,-2.9223,9.3578
3.8692,9.8853,-9.0248
9.5204,4.2256,-9.0738
10.488,9.7149,-9.1548
3.8692,9.8853,3.078
9.5204,4.2256,3.029
10.488,9.7149,2.948
8.7193,9.2468,-3.331
8.7193,9.2468,8.7718
-11.234,-7.1191,-8.9828
-12.503,-12.278,-9.2148
-11.111,-3.7505,-6.6318
-5.5818,-9.215,-6.2238
-9.1937,-11.516,-5.9518
-11.569,-3.6946,-11.785
-5.6547,-9.1054,-11.496
-12.51,-9.5898,-12.676
-8.9964,-6.4933,-12.287
-9.2227,-12.041,-11.776
-6.1768,-12.477,-8.8278
-3.1998,-12.423,-12.052
-12.374,-5.8852,-2.818
-7.0137,-12.106,-2.754
-11.234,-7.1191,3.12
-12.503,-12.278,2.888
-12.096,-13.472,-3.126
-12.817,-9.4738,-5.736
-11.111,-3.7505,5.471
-5.5818,-9.215,5.879
-9.1937,-11.516,6.151
-8.8013,-7.0208,-5.575
-11.569,-3.6946,0.318
-5.6547,-9.1054,0.607
-12.51,-9.5898,-0.573
-8.9964,-6.4933,-0.184
-9.2227,-12.041,0.327
-6.1768,-12.477,3.275
-3.1397,-13.009,-5.551
-3.1998,-12.423,0.051001
-12.374,-5.8852,9.2848
-7.0137,-12.106,9.3488
-12.096,-13.472,8.9768
-12.817,-9.4738,6.3668
-8.8013,-7.0208,6.5278
-11.569,-3.6946,12.421
-5.6547,-9.1054,12.71
-12.51,-9.5898,11.53
-8.9964,-6.4933,11.919
-9.2227,-12.041,12.43
-3.1397,-13.009,6.5518
-3.1998,-12.423,12.154
-11.415,11.629,-9.2148
-10.707,8.3868,-6.3438
-8.106,12.391,-5.9518
-10.744,8.4094,-11.869
-8.135,11.866,-11.776
-11,5.3436,-8.7948
-4.9837,-0.49356,-9.2238
-5.089,11.43,-8.8278
1.2629,5.3783,-8.9828
-12.017,-0.024748,-8.8588
-6.3385,-5.8195,-9.0058
-6.1292,5.9581,-9.1618
-0.0056576,0.2192,-9.2148
-4.8331,2.692,-6.0258
0.70216,-3.0229,-6.3438
1.3859,8.7469,-6.6318
6.9155,3.2824,-6.2238
-8.819,-0.032526,-6.2198
-2.9889,-5.4949,-6.4208
-2.4671,6.4156,-6.4038
3.3036,0.98146,-5.9518
-2.6283,-0.49427,-6.0028
-5.024,2.7259,-11.497
0.66539,-3.0003,-11.869
0.92843,8.8028,-11.785
6.8427,3.392,-11.496
-12.143,2.2578,-12.207
-6.2664,-2.9826,-12.327
-5.6802,8.8608,-11.901
-0.012729,2.9076,-12.676
-8.609,4.7935,-12.197
-2.8249,-0.73893,-12.65
-2.1121,11.484,-12.052
3.5009,6.004,-12.287
-8.7526,0.25597,-11.376
-2.9925,-5.736,-11.937
-2.6022,6.1264,-11.636
3.2746,0.45608,-11.776
0.40916,-6.0661,-8.7948
6.4259,-11.903,-9.2238
6.3206,0.020714,-8.8278
12.673,-6.0314,-8.9828
-0.60766,-11.434,-8.8588
5.2804,-5.4516,-9.1618
11.404,-11.19,-9.2148
6.5765,-8.7177,-6.0258
12.796,-2.6628,-6.6318
2.5906,-11.442,-6.2198
8.9425,-4.9941,-6.4038
8.7813,-11.904,-6.0028
6.3856,-8.6838,-11.497
12.338,-2.6069,-11.785
-0.73353,-9.1519,-12.207
5.7294,-2.5489,-11.901
11.397,-8.502,-12.676
2.8006,-6.6162,-12.197
8.5847,-12.149,-12.65
9.2975,0.074454,-12.052
2.6571,-11.154,-11.376
8.8075,-5.2833,-11.636
-11.881,5.7832,-2.825
-5.926,11.801,-2.754
-11.415,11.629,2.888
-11.008,10.435,-3.126
-10.707,8.3868,5.759
-8.106,12.391,6.151
-10.744,8.4094,0.234
-8.135,11.866,0.327
-6.2812,0.24678,-3.167
-0.47164,-5.6264,-2.825
0.12374,6.6122,-2.818
5.4836,0.39103,-2.754
-11,5.3436,3.308
-4.9837,-0.49356,2.879
-5.089,11.43,3.275
1.2629,5.3783,3.12
-12.017,-0.024749,3.244
-6.3385,-5.8195,3.097
-6.1292,5.9581,2.941
-0.0056569,0.2192,2.888
-5.1265,5.5975,-3.062
0.40164,-0.97439,-3.126
-11.073,-0.7764,-2.859
-5.3203,-6.7656,-3.092
-12.239,2.39,-5.66
-6.5407,-3.2018,-5.914
-5.6731,8.7773,-5.591
-0.31961,3.0236,-5.736
-4.8331,2.692,6.077
0.70216,-3.0229,5.759
1.3859,8.7469,5.471
6.9155,3.2824,5.879
-8.819,-0.032527,5.883
-2.9889,-5.4949,5.682
-2.4671,6.4156,5.699
3.3036,0.98146,6.151
-8.4209,5.1173,-5.881
-2.6283,-0.49427,6.1
-2.052,10.898,-5.551
3.696,5.4765,-5.575
-5.024,2.7259,0.606
0.66539,-3.0003,0.234
0.92843,8.8028,0.318
6.8427,3.392,0.607
-12.143,2.2578,-0.104
-6.2664,-2.9826,-0.224
-5.6802,8.8608,0.202
-0.012728,2.9076,-0.573
-8.609,4.7935,-0.094
-2.8249,-0.73893,-0.547
-2.1121,11.484,0.051
3.5009,6.004,-0.184
-8.7526,0.25597,0.727
-2.9925,-5.7361,0.166
-2.6022,6.1264,0.467
3.2746,0.45608,0.327
5.1284,-11.163,-3.167
11.533,-4.7975,-2.818
0.40916,-6.0661,3.308
6.4259,-11.903,2.879
6.3206,0.020713,3.275
12.673,-6.0314,3.12
-0.60766,-11.434,3.244
5.2804,-5.4516,2.941
11.404,-11.19,2.888
6.2831,-5.8122,-3.062
11.811,-12.384,-3.126
0.33633,-12.186,-2.859
-0.82898,-9.0196,-5.66
5.7365,-2.6324,-5.591
11.09,-8.3861,-5.736
6.5765,-8.7177,6.077
12.796,-2.6628,5.471
2.5906,-11.442,5.883
8.9425,-4.9941,5.699
2.9887,-6.2923,-5.881
8.7813,-11.904,6.1
9.3576,-0.51174,-5.551
6.3856,-8.6838,0.606
12.338,-2.6069,0.318
-0.73352,-9.1519,-0.104
5.7294,-2.5489,0.202
11.397,-8.502,-0.573
2.8006,-6.6162,-0.093999
8.5847,-12.149,-0.547
9.2975,0.074453,0.051001
2.6571,-11.154,0.727
8.8075,-5.2833,0.467
-11.881,5.7832,9.2778
-5.926,11.801,9.3488
-11.008,10.435,8.9768
-10.744,8.4094,12.337
-8.135,11.866,12.43
-6.2812,0.24678,8.9358
-0.47164,-5.6264,9.2778
0.12374,6.6122,9.2848
5.4836,0.39103,9.3488
-5.1265,5.5975,9.0408
0.40164,-0.97439,8.9768
-11.073,-0.7764,9.2438
-5.3203,-6.7656,9.0108
-12.239,2.39,6.4428
-6.5407,-3.2018,6.1888
-5.6731,8.7773,6.5118
-0.31961,3.0236,6.3668
-8.4209,5.1173,6.2218
-2.052,10.898,6.5518
3.696,5.4765,6.5278
-5.024,2.7259,12.709
0.66539,-3.0003,12.337
0.92843,8.8028,12.421
6.8427,3.392,12.71
-12.143,2.2578,11.999
-6.2664,-2.9826,11.879
-5.6802,8.8608,12.305
-0.012727,2.9076,11.53
-8.609,4.7935,12.009
-2.8249,-0.73893,11.556
-2.1121,11.484,12.154
3.5009,6.004,11.919
-8.7526,0.25597,12.83
-2.9925,-5.7361,12.269
-2.6022,6.1264,12.57
3.2746,0.45608,12.43
5.1284,-11.163,8.9358
11.533,-4.7975,9.2848
6.2831,-5.8122,9.0408
11.811,-12.384,8.9768
0.33633,-12.186,9.2438
-0.82898,-9.0196,6.4428
5.7365,-2.6324,6.5118
11.09,-8.3861,6.3668
2.9887,-6.2923,6.2218
9.3576,-0.51174,6.5518
6.3856,-8.6838,12.709
12.338,-2.6069,12.421
-0.73352,-9.1519,11.999
5.7294,-2.5489,12.305
11.397,-8.502,11.53
2.8006,-6.6162,12.009
8.5847,-12.149,11.556
9.2975,0.074453,12.154
2.6571,-11.154,12.83
8.8075,-5.2833,12.57
7.5136,12.004,-9.2238
0.48005,12.473,-8.8588
6.1588,6.6779,-9.0058
12.492,12.717,-9.2148
13.199,9.4745,-6.3438
3.6783,12.465,-6.2198
9.5084,7.0025,-6.4208
9.869,12.003,-6.0028
13.163,9.4971,-11.869
6.231,9.5148,-12.327
9.6724,11.758,-12.65
3.7448,12.753,-11.376
9.5049,6.7613,-11.937
12.906,6.4313,-8.7948
11.89,1.063,-8.8588
11.764,3.3455,-12.207
6.2161,12.744,-3.167
12.026,6.8709,-2.825
7.5136,12.004,2.879
0.48005,12.473,3.244
6.1588,6.6779,3.097
12.492,12.717,2.888
12.899,11.523,-3.126
1.424,11.721,-2.859
7.1771,5.7318,-3.092
5.9566,9.2956,-5.914
13.199,9.4745,5.759
3.6783,12.465,5.883
9.5084,7.0025,5.682
9.869,12.003,6.1
13.163,9.4971,0.234
6.231,9.5148,-0.224
9.6724,11.758,-0.547
3.7448,12.753,0.727
9.5049,6.7613,0.166
12.906,6.4313,3.308
11.89,1.063,3.244
12.834,0.31131,-2.859
11.668,3.4777,-5.66
11.764,3.3455,-0.104
6.2161,12.744,8.9358
12.026,6.8709,9.2778
12.899,11.523,8.9768
1.424,11.721,9.2438
7.1771,5.7318,9.0108
5.9566,9.2956,6.1888
13.163,9.4971,12.337
6.231,9.5148,11.879
9.6724,11.758,11.556
3.7448,12.753,12.83
9.5049,6.7613,12.269
12.834,0.31131,9.2438
11.668,3.4777,6.4428
11.764,3.3455,11.999
0,0,0
-5.8478,-0.18385,0.182
0.1888,-0.11809,-5.871
-0.045962,-5.9574,0.214
0.29274,6.0712,0.005
6.0875,0.34436,0.279
0.1888,-0.11809,6.2318
-5.7127,5.5402,0.162
5.6969,-5.8695,0.162
-5.8548,-0.33941,-5.868
6.1094,0.15698,-5.684
0.61589,5.9461,5.925
-0.20365,-6.0316,-5.889
-5.8548,-0.33941,6.2348
0.61589,5.9461,-6.1778
-0.20365,-6.0316,6.2138
-5.9517,-6.3505,0.078
6.1094,0.15698,6.4188
6.5456,6.1469,0.078
-5.2814,5.5133,-5.9698
-5.2814,5.5133,6.133
6.1282,-5.8964,-5.9698
6.1282,-5.8964,6.133
-5.9157,-6.3795,6.016
-5.9157,-6.3795,-6.0868
6.5817,6.1179,6.016
6.5817,6.1179,-6.0868
-11.727,-0.4681,0.156
-0.31704,-11.878,0.156
0.77068,12.029,0.156
7.0711e-07,-7.0711e-07,12.103
-7.0711e-07,7.0711e-07,-12.103
12.18,0.61961,0.156
-11.456,5.4523,0.214
5.5618,-11.594,0.182
11.702,-5.3384,0.005001
-5.3221,11.754,0.279
0.65195,11.611,-5.851
0.65195,11.611,6.2518
-11.845,-0.88669,-5.851
-5.8478,-0.18385,-11.921
-0.045963,-5.9574,-11.889
6.0875,0.34436,-11.824
12.062,0.20103,-5.851
-11.845,-0.88669,6.2518
0.29274,6.0712,-12.098
0.29274,6.0712,12.108
12.062,0.20102,6.2518
-5.8478,-0.18385,12.285
-0.43576,-12.296,-5.851
-0.045961,-5.9574,12.317
-6.4099,-12.153,0.279
-12.205,-6.4262,0.005
-0.43576,-12.296,6.2518
6.0875,0.34436,12.382
-5.3002,11.567,-5.684
6.6496,12.314,0.182
12.451,6.54,0.214
-11.613,5.378,-5.889
-11.613,5.378,6.2138
-5.3002,11.567,6.4188
5.5548,-11.749,-5.868
-5.7127,5.5402,-11.941
5.5548,-11.749,6.2348
5.6969,-5.8695,-11.941
12.026,-5.4636,5.925
12.026,-5.4636,-6.1778
-5.7127,5.5402,12.265
5.6969,-5.8695,12.265
-11.881,-6.5513,5.925
-5.9517,-6.3505,-12.025
-11.881,-6.5513,-6.1778
-5.9517,-6.3505,12.181
6.5456,6.1469,-12.025
-6.3879,-12.34,-5.684
6.6425,12.158,-5.868
12.294,6.4658,-5.889
6.5456,6.1469,12.181
6.6425,12.158,6.2348
12.294,6.4658,6.2138
-6.3879,-12.34,6.4188
-11.41,11.41,-1e-06
11.41,-11.41,1e-06
-11.727,-0.4681,-11.947
-0.31704,-11.878,-11.947
-11.221,11.292,-5.871
-11.727,-0.46811,12.259
0.77067,12.029,-11.947
-0.31704,-11.878,12.259
12.18,0.61961,-11.947
-11.221,11.292,6.2318
0.77068,12.029,12.259
12.18,0.61961,12.259
11.598,-11.528,-5.871
-11.456,5.4523,-11.889
11.598,-11.528,6.2318
-5.3221,11.754,-11.824
5.5618,-11.594,-11.921
11.702,-5.3384,-12.098
11.702,-5.3384,12.108
-12.497,-12.497,1.9594e-21
12.497,12.497,-1.9594e-21
-11.456,5.4523,12.317
5.5618,-11.594,12.285
-5.3221,11.754,12.382
-6.4099,-12.153,-11.824
-12.205,-6.4262,-12.098
-12.205,-6.4262,12.108
6.6496,12.314,-11.921
12.451,6.54,-11.889
-6.4099,-12.153,12.382
-12.309,-12.615,-5.871
6.6496,12.314,12.285
12.686,12.379,-5.871
-12.309,-12.615,6.2318
12.451,6.54,12.317
12.686,12.379,6.2318
-11.41,11.41,12.103
11.41,-11.41,-12.103
11.41,-11.41,12.103
-11.41,11.41,-12.103
12.497,12.497,12.103
-12.497,-12.497,-12.103
-12.497,-12.497,12.103
12.497,12.497,-12.103
