-3.3917,-8.3527,-8.5819
-9.3124,-3.5649,-9.2939
-8.8789,-8.8138,-9.0069
-9.4085,-2.4378,-3.3567
-3.3917,-8.3527,3.4813
-9.3124,-3.5649,2.7693
-8.9793,-8.7897,-3.9037
-8.8789,-8.8138,3.0563
-9.4085,-2.4378,8.7065
-8.9793,-8.7897,8.1595
9.1039,-9.4462,-9.0309
3.9032,-9.5685,-9.4609
10.179,-3.1628,-8.7819
9.4964,-8.9929,-3.1147
9.1039,-9.4462,3.0323
3.609,-9.7085,-3.1747
10.059,-3.4485,-3.3977
3.9032,-9.5685,2.6023
10.179,-3.1628,3.2813
9.4964,-8.9929,8.9485
3.609,-9.7085,8.8885
10.059,-3.4485,8.6655
3.6614,-3.8467,-9.0802
-3.0674,2.7252,-9.2372
9.0743,3.532,-8.3722
3.1537,8.3198,-9.0842
-8.2682,2.6029,-9.6672
-2.0301,-3.7059,-9.3932
-1.9926,9.0085,-8.9882
3.5872,3.071,-8.7972
3.4238,-2.8369,-2.574
-2.675,3.1784,-3.321
-2.0881,-8.0617,-2.661
3.0575,9.4469,-3.147
3.6614,-3.8467,2.983
-3.0674,2.7252,2.826
9.0743,3.532,3.691
3.1537,8.3198,2.979
-8.5624,2.4629,-3.381
-2.0103,-2.5887,-3.685
-2.1128,8.7229,-3.604
3.4867,3.095,-3.694
-8.2682,2.6029,2.396
-2.0301,-3.7059,2.67
-1.9926,9.0085,3.075
3.5872,3.071,3.266
3.4238,-2.8369,9.4892
-2.675,3.1784,8.7422
-2.0881,-8.0617,9.4022
3.0575,9.4469,8.9162
-8.5624,2.4629,8.6822
-2.0103,-2.5887,8.3782
-2.1128,8.7229,8.4592
3.4867,3.095,8.3692
-8.51,8.3247,-9.2865
-8.7475,9.3344,-2.7803
-8.51,8.3247,2.7767
-8.7475,9.3344,9.2829
10.436,8.1788,-9.1835
10.378,3.823,-2.4513
10.456,9.296,-3.4753
10.436,8.1788,2.8797
10.378,3.823,9.6119
10.456,9.296,8.5879
-2.8692,-9.6234,-9.1839
-10.031,-2.2546,-9.4139
-7.8635,-8.6752,-10.069
-8.9708,-3.741,-2.7617
-2.8692,-9.6234,2.8793
-10.031,-2.2546,2.6493
-10.283,-8.9601,-3.1997
-7.8635,-8.6752,1.9943
-8.9708,-3.741,9.3015
-10.283,-8.9601,8.8635
9.8796,-8.3141,-9.5759
8.959,-4.0375,-8.9489
8.0277,-9.292,-3.1307
9.8796,-8.3141,2.4873
8.959,-4.0375,3.1143
8.0277,-9.292,8.9325
9.5969,2.2613,-8.9742
2.4346,9.6301,-9.2042
4.01,-2.7287,-10.037
-2.2917,3.8573,-9.7822
-3.4712,-3.3199,-9.4912
3.7477,-8.6819,-8.3652
4.6026,3.2096,-9.8592
-3.2124,8.1338,-9.1552
-2.2316,-9.0312,-3.789
3.4952,8.1437,-2.552
2.9854,-2.7747,-4.015
-4.1436,2.8793,-3.337
9.5969,2.2613,3.089
2.4346,9.6301,2.859
4.01,-2.7287,2.026
-2.2917,3.8573,2.281
-2.9331,-3.6501,-3.174
3.8863,-8.0822,-2.647
2.1835,2.9246,-2.99
9.8776,-2.7528,-2.226
-3.4712,-3.3199,2.572
3.7477,-8.6819,3.698
4.6026,3.2096,2.204
-3.2124,8.1338,2.908
-2.2316,-9.0312,8.2742
3.4952,8.1437,9.5112
2.9854,-2.7747,8.0482
-4.1436,2.8793,8.7262
-2.9331,-3.6501,8.8892
3.8863,-8.0822,9.4162
2.1835,2.9246,9.0732
9.8776,-2.7528,9.8372
-8.1614,9.4426,-10.243
-8.4237,3.4895,-8.5715
-9.1859,9.3967,-4.2213
-8.1614,9.4426,1.8197
-8.2851,4.0891,-2.8533
-2.2938,9.4186,-2.4323
-8.4237,3.4895,3.4917
-9.1859,9.3967,7.8419
-8.2851,4.0891,9.2099
-2.2938,9.4186,9.6309
8.9949,8.5649,-9.2815
10.234,2.8536,-3.5793
9.533,8.2346,-2.9643
8.9949,8.5649,2.7817
10.234,2.8536,8.4839
9.533,8.2346,9.0989
-8.5105,-11.162,-12.188
-2.3523,-11.044,-12.661
-8.8881,-6.836,-12.53
-2.3841,-11.542,-6.4149
-8.9015,-6.114,-6.8979
-13.137,-8.8562,-12.873
-11.519,-8.9389,-6.1539
-5.3038,-8.7742,-12.738
-11.631,-3.1244,-12.413
-12.062,-2.6365,-6.9509
-5.6545,-11.026,-9.4599
-11.637,-6.6734,-9.2089
-12.04,-10.912,-9.6689
-8.5105,-11.162,-0.12469
-9.0811,-11.733,-6.1177
-2.3523,-11.044,-0.59769
-8.8881,-6.836,-0.46669
-2.3841,-11.542,5.6483
-8.9015,-6.114,5.1653
-13.137,-8.8562,-0.80969
-11.519,-8.9389,5.9093
-5.3038,-8.7742,-0.67469
-11.631,-3.1244,-0.34969
-5.8235,-8.8498,-5.2207
-12.062,-2.6365,5.1123
-5.6799,-12.882,-3.6057
-11.689,-5.7548,-3.2977
-5.6545,-11.026,2.6033
-11.637,-6.6734,2.8543
-12.055,-11.912,-3.5687
-0.22603,-11.811,-3.0267
-12.04,-10.912,2.3943
-8.5105,-11.162,11.939
-9.0811,-11.733,5.9455
-2.3523,-11.044,11.466
-8.8881,-6.836,11.597
-13.137,-8.8562,11.254
-5.3038,-8.7742,11.389
-11.631,-3.1244,11.714
-5.8235,-8.8498,6.8425
-5.6799,-12.882,8.4575
-11.689,-5.7548,8.7655
-12.055,-11.912,8.4945
-0.22603,-11.811,9.0365
-12.397,0.36016,-3.233
-12.397,0.36016,8.8302
3.2031,-12.578,-11.953
9.5699,-5.6624,-11.772
3.6373,-11.929,-6.4169
9.9942,-6.1701,-6.5779
9.4575,-13.204,-12.081
9.5565,-12.751,-6.5439
11.5,-9.1428,-12.457
13.119,-9.2255,-5.7379
5.9941,-9.3924,-12.42
13.006,-3.411,-11.997
6.4749,-9.1195,-5.9909
12.575,-2.9231,-6.5349
6.8942,-12.073,-9.3859
13,-6.96,-8.7929
6.4714,-7.0088,-8.9119
12.597,-11.198,-9.2529
3.2031,-12.578,0.11028
9.5699,-5.6624,0.29128
3.6373,-11.929,5.6463
9.9942,-6.1701,5.4853
9.4575,-13.204,-0.017721
9.5565,-12.751,5.5193
11.5,-9.1428,-0.39372
13.119,-9.2255,6.3253
5.9941,-9.3924,-0.35672
13.006,-3.411,0.066279
6.4749,-9.1195,6.0723
12.575,-2.9231,5.5283
7.3248,-12.258,-3.2657
12.948,-6.0414,-2.8817
6.8942,-12.073,2.6773
13,-6.96,3.2703
6.7648,-5.9531,-2.9277
12.583,-12.198,-3.1527
6.4714,-7.0088,3.1513
12.597,-11.198,2.8103
3.2031,-12.578,12.173
9.5699,-5.6624,12.354
9.4575,-13.204,12.045
11.5,-9.1428,11.669
5.9941,-9.3924,11.706
13.006,-3.411,12.129
7.3248,-12.258,8.7975
12.948,-6.0414,9.1815
6.7648,-5.9531,9.1355
12.583,-12.198,8.9105
-2.1369,-5.2764,-12.588
-8.9682,-0.40659,-12.159
3.9556,0.72266,-11.978
-2.6014,6.5089,-11.978
-2.7019,-5.659,-6.0862
-8.5341,0.24254,-6.6232
-2.1772,6.0012,-6.7842
3.6847,-5.4454,-12.555
-2.7139,-1.0324,-12.287
10.114,0.84075,-12.451
3.578,5.0487,-12.32
-2.6149,-0.57983,-6.7502
10.082,0.34224,-6.2052
3.5645,5.7707,-6.6882
1.282,-8.6854,-12.921
-6.1872,-3.2583,-12.338
7.0647,-2.6283,-11.568
-0.67104,3.0285,-12.663
-5.292,-3.281,-6.2862
6.8745,-2.8793,-7.0422
0.94752,2.9458,-5.9442
1.0918,-2.7761,-11.671
-6.1773,2.7789,-12.626
7.1623,3.1106,-12.528
0.83509,8.7603,-12.203
0.87823,-2.786,-6.8172
-5.6965,3.0519,-6.1972
0.40376,9.2482,-6.7412
0.47871,-6.9148,-9.0652
-5.2771,0.098288,-9.5922
6.8116,0.85913,-9.2502
0.82873,5.2114,-8.9992
-5.7,5.1626,-9.1182
0.42568,0.97298,-9.4592
0.65549,-11.04,-8.9372
-5.4207,-5.7587,-9.4122
-2.1369,-5.2764,-0.525
-8.9682,-0.40659,-0.096
3.9556,0.72266,0.085
-2.6014,6.5089,0.085
-2.7019,-5.659,5.977
-8.5341,0.24254,5.44
3.3849,0.15203,-5.908
-2.1772,6.0012,5.279
3.6847,-5.4454,-0.492
-2.7139,-1.0324,-0.224
10.114,0.84075,-0.388
3.578,5.0487,-0.257
3.8007,-5.642,-5.803
-2.6149,-0.57983,5.313
10.082,0.34224,5.858
3.5645,5.7707,5.375
1.282,-8.6854,-0.858
-6.1872,-3.2583,-0.275
7.0647,-2.6283,0.495
-0.67104,3.0285,-0.6
0.44548,-8.7314,-5.438
-5.292,-3.281,5.777
6.8745,-2.8793,5.021
0.94752,2.9458,6.119
1.0918,-2.7761,0.392
-6.1773,2.7789,-0.563
7.1623,3.1106,-0.465
0.83509,8.7603,-0.14
0.87823,-2.786,5.246
-5.6965,3.0519,5.866
6.6426,3.0349,-5.011
0.40376,9.2482,5.322
0.43982,-5.2439,-3.015
-4.8465,-0.086267,-3.472
6.7861,-0.99773,-3.396
0.77711,6.1299,-3.088
0.47871,-6.9148,2.998
-5.2771,0.098288,2.471
6.8116,0.85913,2.813
0.82873,5.2114,3.064
-5.4065,6.2183,-3.134
0.41154,-0.02687,-3.359
12.24,0.073539,-2.817
-5.9425,-5.2877,-3.385
-5.7,5.1626,2.945
0.42568,0.97298,2.604
0.65549,-11.04,3.126
-5.4207,-5.7587,2.651
-2.1369,-5.2764,11.538
-8.9682,-0.40659,11.967
3.9556,0.72266,12.148
-2.6014,6.5089,12.148
3.3849,0.15203,6.1552
3.6847,-5.4454,11.571
-2.7139,-1.0324,11.839
10.114,0.84075,11.675
3.578,5.0487,11.806
3.8007,-5.642,6.2602
1.282,-8.6854,11.205
-6.1872,-3.2583,11.788
7.0647,-2.6283,12.558
-0.67104,3.0285,11.463
0.44548,-8.7314,6.6252
1.0918,-2.7761,12.455
-6.1773,2.7789,11.5
7.1623,3.1106,11.598
0.83509,8.7603,11.923
6.6426,3.0349,7.0522
0.43982,-5.2439,9.0482
-4.8465,-0.086267,8.5912
6.7861,-0.99773,8.6672
0.77711,6.1299,8.9752
-5.4065,6.2183,8.9292
0.41154,-0.02687,8.7042
12.24,0.073539,9.2462
-5.9425,-5.2877,8.6782
-8.2158,12.894,-12.184
-8.4866,6.7259,-12.761
-2.0576,13.012,-12.657
-2.0894,12.514,-6.4115
-10.889,3.486,-13.127
-5.1066,9.543,-11.774
-5.2969,9.292,-7.2485
-11.08,9.3953,-11.877
-11.293,9.3854,-7.0235
-11.693,5.2566,-9.2715
-5.3598,13.03,-9.4565
-11.746,13.144,-9.6655
-11.516,1.1313,-9.1435
-8.2158,12.894,-0.12128
-8.7864,12.323,-6.1143
-8.4866,6.7259,-0.69828
-2.0576,13.012,-0.59428
-8.3707,6.5293,-6.0093
-2.0894,12.514,5.6517
-10.889,3.486,-1.0643
-5.1066,9.543,0.28872
-11.726,3.44,-5.6443
-5.2969,9.292,4.8147
-11.08,9.3953,0.18572
-11.293,9.3854,5.0397
-11.732,6.9274,-3.2213
-5.3852,11.174,-3.6023
-11.693,5.2566,2.7917
-5.3598,13.03,2.6067
-11.76,12.144,-3.5653
0.068665,12.245,-3.0233
-11.746,13.144,2.3977
-11.516,1.1313,2.9197
-8.2158,12.894,11.942
-8.7864,12.323,5.9489
-8.4866,6.7259,11.365
-2.0576,13.012,11.469
-8.3707,6.5293,6.0539
-10.889,3.486,10.999
-5.1066,9.543,12.352
-11.726,3.44,6.4189
-11.08,9.3953,12.249
-11.732,6.9274,8.8419
-5.3852,11.174,8.4609
-11.76,12.144,8.4979
0.068665,12.245,9.0399
10.329,6.6083,-12.379
3.4978,11.478,-11.95
9.7642,6.2258,-5.8765
3.932,12.127,-6.4135
9.7522,10.852,-12.078
9.8512,11.305,-6.5405
13.748,3.1993,-12.712
6.2789,8.6264,-12.129
7.1741,8.6038,-6.0765
13.558,9.1086,-11.462
13.344,9.0987,-6.6075
12.945,4.9699,-8.8555
7.1889,11.983,-9.3825
12.892,12.858,-9.2495
13.122,0.84467,-8.7275
7.0454,6.1261,-9.2025
10.329,6.6083,-0.31531
3.4978,11.478,0.11369
9.7642,6.2258,6.1867
3.932,12.127,5.6497
9.7522,10.852,-0.014311
9.8512,11.305,5.5227
13.748,3.1993,-0.64831
6.2789,8.6264,-0.065311
12.912,3.1534,-5.2283
7.1741,8.6038,5.9867
13.558,9.1086,0.60169
13.344,9.0987,5.4557
12.906,6.6408,-2.8053
7.6195,11.798,-3.2623
12.945,4.9699,3.2077
7.1889,11.983,2.6807
12.878,11.858,-3.1493
6.5235,6.597,-3.1753
12.892,12.858,2.8137
13.122,0.84467,3.3357
7.0454,6.1261,2.8607
10.329,6.6083,11.748
3.4978,11.478,12.177
9.7522,10.852,12.049
13.748,3.1993,11.415
6.2789,8.6264,11.998
12.912,3.1534,6.8349
13.558,9.1086,12.665
12.906,6.6408,9.2579
7.6195,11.798,8.8009
12.878,11.858,8.9139
6.5235,6.597,8.8879
0.95018,13.016,-8.9338
0.95018,13.016,3.1294
0,0,0
0.73963,0.19516,5.61
0.88176,-5.6109,-0.16
0.70711,5.7262,0.273
-6.05,-0.2588,-0.563
0.73963,0.19516,-6.4532
6.8858,0.14001,-0.504
-5.6307,-0.010607,5.282
-5.2404,-6.1228,-0.291
-5.782,5.6774,0.064
0.21567,-5.7085,5.889
0.21567,-5.7085,-6.1742
0.27436,6.3399,-5.903
-5.6307,-0.010607,-6.7812
0.27436,6.3399,6.1602
6.6588,0.23405,5.995
6.6588,0.23405,-6.0682
6.3893,-6.494,0.27028
7.2257,5.7619,-0.081311
-5.2615,6.5612,5.8737
-6.0186,-5.979,5.8833
-5.2615,6.5612,-6.1895
-6.0186,-5.979,-6.1799
6.4474,5.9058,-5.9702
6.4474,5.9058,6.093
6.9098,-5.6102,-5.9832
6.9098,-5.6102,6.08
0.62438,-11.442,0.242
-11.547,0.72966,0.035721
0,0,-12.063
0,0,12.063
0.91907,12.614,0.24541
0.7104,11.798,-5.3363
-6.05,-0.2588,11.5
-11.756,-0.086974,-5.546
-5.5802,-11.745,-0.71369
-11.29,6.5605,-0.36628
13.09,0.44303,0.45169
0.70711,5.7262,-11.79
0.88176,-5.6109,11.903
-11.759,-6.1586,0.063311
6.416,11.626,-0.35331
0.4157,-12.258,-5.3397
-5.2855,12.311,-0.71028
-11.756,-0.086974,6.5172
6.8858,0.14001,11.559
0.88176,-5.6109,-12.223
0.7104,11.798,6.7269
0.70711,5.7262,12.336
6.1213,-12.43,-0.35672
12.882,-0.3736,-5.13
0.4157,-12.258,6.7235
-6.05,-0.2588,-12.626
-5.8072,-11.651,5.7853
-5.2404,-6.1228,11.772
6.8858,0.14001,-12.567
12.878,-6.4452,0.47928
-5.8072,-11.651,-6.2779
-5.782,5.6774,-11.999
-5.782,5.6774,12.127
12.882,-0.3736,6.9332
-12.192,-5.5448,5.9505
-12.192,-5.5448,-6.1127
-11.956,6.4629,5.6827
13.348,6.2738,0.049689
-5.2404,-6.1228,-12.354
-5.5125,12.405,5.7887
6.8354,11.874,5.4917
6.5407,-12.182,5.4883
12.446,-5.8314,-5.6967
6.3893,-6.494,-11.793
-5.5125,12.405,-6.2745
-11.956,6.4629,-6.3805
7.2257,5.7619,11.982
12.446,-5.8314,6.3665
6.8354,11.874,-6.5715
7.2257,5.7619,-12.145
6.5407,-12.182,-6.5749
12.682,6.1763,-5.9645
6.3893,-6.494,12.333
12.682,6.1763,6.0987
0.62438,-11.442,-11.821
-11.547,0.72966,-12.027
-11.547,0.72966,12.099
0.62438,-11.442,12.305
12.171,-12.171,0.20628
-12.171,12.171,-0.20628
-12.466,-11.885,-0.20969
12.466,11.885,0.20969
-5.5802,-11.745,11.35
0.91907,12.614,-11.818
-11.726,-11.69,5.4003
13.09,0.44303,-11.612
-11.29,6.5605,11.697
-5.2855,12.311,11.353
0.91907,12.614,12.309
-11.432,12.367,5.4037
6.416,11.626,11.71
-11.726,-11.69,-6.6629
-11.759,-6.1586,-12
-11.759,-6.1586,12.127
-11.29,6.5605,-12.429
-11.432,12.367,-6.6595
13.09,0.44303,12.515
6.1213,-12.43,11.706
6.416,11.626,-12.417
-5.5802,-11.745,-12.777
12.878,-6.4452,-11.584
-5.2855,12.311,-12.773
12.911,-11.976,5.8163
6.1213,-12.43,-12.42
12.911,-11.976,-6.2469
13.206,12.08,5.8197
13.206,12.08,-6.2435
13.348,6.2738,-12.014
13.348,6.2738,12.113
12.878,-6.4452,12.542
12.171,-12.171,-11.857
-12.171,12.171,11.857
-12.466,-11.885,11.854
12.466,11.885,-11.854
12.171,-12.171,12.269
-12.171,12.171,-12.269
-12.466,-11.885,-12.273
12.466,11.885,12.273
