-8.6459,-8.3054,-9.5204
-3.5173,-8.4914,-8.5284
-8.8913,-7.7489,-3.1908
-8.6459,-8.3054,1.9892
-2.7967,-8.7085,-2.6808
-3.5173,-8.4914,2.9812
-8.8913,-7.7489,8.3189
-2.7967,-8.7085,8.8289
3.1598,-8.9383,-8.041
8.8789,-8.3698,-8.994
9.4757,-2.4782,-2.7564
3.1598,-8.9383,3.4686
8.6017,-8.4037,-2.6404
8.8789,-8.3698,2.5156
9.4757,-2.4782,8.7533
8.6017,-8.4037,8.8693
-8.4952,2.7167,-8.2657
-1.8307,-2.9776,-8.8457
9.0368,-2.629,-9.5147
3.3778,2.996,-9.2927
2.588,-2.7733,-9.2647
-2.7761,3.2852,-9.2187
8.5065,2.81,-8.3007
-8.4407,-3.1855,-9.0237
2.5838,-7.8362,-2.653
-2.6898,-2.3872,-2.716
-2.1793,9.1768,-2.981
3.1325,3.5525,-2.963
-8.4952,2.7167,3.244
-1.8307,-2.9776,2.664
9.0368,-2.629,1.995
3.3778,2.996,2.217
2.6983,-3.7166,-2.686
-3.0533,3.2513,-2.865
9.227,2.593,-2.453
-8.2272,-2.996,-3.114
2.588,-2.7733,2.245
-2.7761,3.2852,2.291
8.5065,2.81,3.209
-8.4407,-3.1855,2.486
2.5838,-7.8362,8.8567
-2.6898,-2.3872,8.7937
-2.1793,9.1768,8.5287
3.1325,3.5525,8.5467
2.6983,-3.7166,8.8237
-3.0533,3.2513,8.6447
9.227,2.593,9.0567
-8.2272,-2.996,8.3957
-2.6182,9.026,-9.7393
-9.067,8.8817,-9.4893
-9.0713,3.8189,-2.8776
-2.6182,9.026,1.7704
-8.9567,7.9385,-2.9106
-9.067,8.8817,2.0204
-9.0713,3.8189,8.632
-8.9567,7.9385,8.599
10.193,8.3238,-8.6179
3.583,8.1159,-8.7959
9.3339,8.9142,-2.4882
10.193,8.3238,2.8918
3.7966,8.3054,-2.8862
3.583,8.1159,2.7138
9.3339,8.9142,9.0214
3.7966,8.3054,8.6234
-9.1522,-8.7778,-8.2144
-3.9606,-7.8698,-3.0468
-9.5128,-3.0912,-4.4538
-9.5277,-9.1094,-3.1248
-9.1522,-8.7778,3.2952
-3.9606,-7.8698,8.4629
-9.5128,-3.0912,7.0559
-9.5277,-9.1094,8.3849
8.8916,-9.4814,-8.001
3.9454,-8.1061,-9.003
9.4262,-4.0678,-8.584
8.6024,-9.7692,-3.3874
8.8916,-9.4814,3.5086
2.9682,-9.4793,-2.7054
3.9454,-8.1061,2.5066
9.4262,-4.0678,2.9256
8.6024,-9.7692,8.1223
2.9682,-9.4793,8.8043
-1.6525,-8.9456,-8.1707
-9.1804,-1.9382,-9.3037
3.9315,-3.2371,-8.7837
-2.7634,2.1736,-8.2257
-2.8115,-4.0673,-8.5387
-7.7096,3.549,-9.2277
2.8716,2.5237,-7.9867
-2.2288,7.5873,-8.8087
8.0631,3.4316,-2.819
2.5109,8.2102,-4.226
3.8021,-2.7641,-3.123
-3.0526,1.8859,-3.612
-1.6525,-8.9456,3.339
-9.1804,-1.9382,2.206
3.9315,-3.2371,2.726
-2.7634,2.1736,3.284
-2.8793,-3.6331,-3.472
-8.6868,2.1758,-2.93
2.4961,2.192,-2.897
8.5093,-2.7096,-2.602
-2.8115,-4.0673,2.971
-7.7096,3.549,2.282
2.8716,2.5237,3.523
-2.2288,7.5873,2.701
8.0631,3.4316,8.6907
2.5109,8.2102,7.2837
3.8021,-2.7641,8.3867
-3.0526,1.8859,7.8977
-2.8793,-3.6331,8.0377
-8.6868,2.1758,8.5797
2.4961,2.192,8.6127
8.5093,-2.7096,8.9077
-7.7235,8.4179,-9.0083
-7.8529,8.8909,-3.3476
-7.7235,8.4179,2.5014
-3.1457,8.9454,-2.8266
-7.8529,8.8909,8.162
-3.1457,8.9454,8.683
10.371,2.3558,-7.9429
2.8434,9.3633,-9.0759
9.2123,7.2342,-8.3109
10.371,2.3558,3.5668
2.8434,9.3633,2.4338
9.1444,7.6683,-3.2442
9.2123,7.2342,3.1988
9.1444,7.6683,8.2654
-8.7216,-11.3,-12.451
-2.6525,-11.299,-11.834
-9.0907,-5.3603,-12.201
-8.6134,-5.774,-6.4324
-12.018,-8.6017,-12.443
-6.456,-8.5098,-12.396
-11.89,-2.4718,-11.245
-11.925,-2.7879,-6.6144
-6.3125,-11.356,-8.9884
-11.248,-5.8277,-8.7284
-11.735,-10.562,-8.8564
-5.797,-6.0575,-8.9734
-8.7216,-11.3,-0.94175
-9.1253,-12.202,-5.5578
-2.6525,-11.299,-0.32475
-9.0907,-5.3603,-0.69175
-3.1842,-10.766,-5.4878
-8.6134,-5.774,5.0772
-12.018,-8.6017,-0.93375
-12.242,-8.8845,-5.3748
-6.456,-8.5098,-0.88675
-11.89,-2.4718,0.26425
-6.1746,-8.6569,-5.7738
-11.925,-2.7879,4.8952
-5.7751,-12.223,-3.4978
-11.647,-4.8689,-3.0218
-6.3125,-11.356,2.5212
-11.248,-5.8277,2.7812
-12.377,-11.264,-3.0818
-11.735,-10.562,2.6532
-5.797,-6.0575,2.5362
-8.7216,-11.3,10.568
-9.1253,-12.202,5.9519
-2.6525,-11.299,11.185
-9.0907,-5.3603,10.818
-3.1842,-10.766,6.0219
-12.018,-8.6017,10.576
-12.242,-8.8845,6.1349
-6.456,-8.5098,10.623
-11.89,-2.4718,11.774
-6.1746,-8.6569,5.7359
-5.7751,-12.223,8.0119
-11.647,-4.8689,8.4879
-12.377,-11.264,8.4279
3.215,-11.539,-11.485
8.8018,-5.7118,-11.276
3.2397,-12.289,-5.506
9.0614,-5.8596,-5.759
8.9327,-11.399,-10.91
8.968,-12.058,-5.635
11.661,-8.9553,-11.991
5.6276,-8.7403,-12.085
11.789,-2.8254,-10.793
11.754,-3.1415,-6.162
6.0441,-10.68,-8.543
12.431,-6.1813,-8.276
6.4493,-6.2259,-8.816
11.944,-10.915,-8.404
3.215,-11.539,0.024623
8.8018,-5.7118,0.23362
3.2397,-12.289,6.0036
9.0614,-5.8596,5.7506
8.9327,-11.399,0.59962
8.968,-12.058,5.8746
11.661,-8.9553,-0.48138
11.437,-9.2381,-4.9224
5.6276,-8.7403,-0.57538
11.789,-2.8254,0.71662
5.6729,-9.0359,-5.0964
11.754,-3.1415,5.3476
5.926,-11.816,-2.8754
12.032,-5.2225,-2.5694
6.0441,-10.68,2.9666
12.431,-6.1813,3.2336
11.302,-11.618,-2.6294
0.51597,-12.192,-2.6904
6.4493,-6.2259,2.6936
11.944,-10.915,3.1056
3.215,-11.539,11.534
8.8018,-5.7118,11.743
8.9327,-11.399,12.109
11.661,-8.9553,11.028
11.437,-9.2381,6.5873
5.6276,-8.7403,10.934
11.789,-2.8254,12.226
5.6729,-9.0359,6.4133
5.926,-11.816,8.6343
12.032,-5.2225,8.9403
11.302,-11.618,8.8803
0.51597,-12.192,8.8193
-2.938,-5.9248,-11.794
-8.44,0.11597,-11.71
3.3022,0.0014142,-12.224
-2.8532,5.9432,-11.501
-2.4572,-6.4297,-5.6737
-8.4153,-0.63427,-5.7307
-2.5937,5.7954,-5.9837
3.0137,-5.7106,-11.175
-2.7224,0.25597,-11.135
9.3713,0.0021213,-11.607
2.9331,5.9411,-11.974
3.3828,-5.8662,-6.3367
-2.687,-0.40305,-5.8597
3.4104,5.5275,-6.2047
0.83721,-8.4146,-11.279
-5.3973,-2.8107,-11.14
5.3358,-2.8228,-11.591
0.0056569,2.6997,-12.216
-5.3627,-3.3517,-5.9517
6.8038,-3.0901,-6.4727
0.23476,-2.6898,-11.726
-6.0274,2.9147,-12.31
5.5678,2.7917,-12.169
0.13364,8.8296,-11.018
-0.23122,-3.2322,-5.6297
0.098995,8.5136,-6.3867
-0.54306,-6.2593,-8.5967
-5.6109,0.9751,-8.7677
5.7113,-0.054447,-8.7607
0.7757,5.4737,-8.5007
-5.2057,5.4292,-9.0407
0.2885,0.73963,-8.6287
0.59468,-11.123,-8.1567
6.2268,5.2439,-8.7457
-2.938,-5.9248,-0.284
-8.44,0.11597,-0.2
3.3022,0.0014142,-0.714
-2.8532,5.9432,0.009
-2.4572,-6.4297,5.836
-8.4153,-0.63427,5.779
2.8984,-0.90015,-5.33
-2.5937,5.7954,5.526
3.0137,-5.7106,0.335
-2.7224,0.25597,0.375
9.3713,0.0021213,-0.097
2.9331,5.9411,-0.464
3.3828,-5.8662,5.173
-2.687,-0.40305,5.65
8.8395,0.53528,-5.26
3.4104,5.5275,5.305
0.83721,-8.4146,0.231
-5.3973,-2.8107,0.37
5.3358,-2.8228,-0.081
0.0056569,2.6997,-0.706
0.54871,-8.7017,-5.423
-5.3627,-3.3517,5.558
6.8038,-3.0901,5.037
-0.21779,2.4169,-5.147
0.23476,-2.6898,-0.216
-6.0274,2.9147,-0.8
5.5678,2.7917,-0.659
0.13364,8.8296,0.492
-0.23122,-3.2322,5.88
-5.9821,2.6191,-5.321
5.8492,2.6446,-5.546
0.098995,8.5136,5.123
-0.32103,-5.449,-2.897
-5.729,-0.16122,-3.1
6.2487,-0.92136,-3.27
0.37689,6.4326,-2.794
-0.54306,-6.2593,2.913
-5.6109,0.9751,2.742
5.7113,-0.054447,2.749
0.7757,5.4737,3.009
5.9687,-4.9957,-3.006
-0.35285,0.037477,-2.854
-11.139,-0.53669,-2.915
-5.2658,-5.6788,-2.956
-5.2057,5.4292,2.469
0.2885,0.73963,2.881
0.59468,-11.123,3.353
6.2268,5.2439,2.764
-2.938,-5.9248,11.226
-8.44,0.11597,11.31
3.3022,0.0014142,10.796
-2.8532,5.9432,11.519
2.8984,-0.90015,6.1797
3.0137,-5.7106,11.845
-2.7224,0.25597,11.885
9.3713,0.0021213,11.413
2.9331,5.9411,11.046
8.8395,0.53528,6.2497
0.83721,-8.4146,11.741
-5.3973,-2.8107,11.88
5.3358,-2.8228,11.429
0.0056569,2.6997,10.804
0.54871,-8.7017,6.0867
-0.21779,2.4169,6.3627
0.23476,-2.6898,11.294
-6.0274,2.9147,10.71
5.5678,2.7917,10.851
0.13364,8.8296,12.002
-5.9821,2.6191,6.1887
5.8492,2.6446,5.9637
-0.32103,-5.449,8.6127
-5.729,-0.16122,8.4097
6.2487,-0.92136,8.2397
0.37689,6.4326,8.7157
5.9687,-4.9957,8.5037
-0.35285,0.037477,8.6557
-11.139,-0.53669,8.5947
-5.2658,-5.6788,8.5537
-8.3528,11.656,-12.448
-8.6413,5.9444,-11.399
-2.2837,11.657,-11.831
-8.2722,5.7889,-6.5613
-10.818,3.2405,-11.503
-6.3192,8.8323,-11.815
-4.8512,8.565,-6.6973
-11.42,8.9652,-11.95
-11.886,8.4228,-5.8543
-12.198,5.3957,-8.8213
-5.9437,11.601,-8.9853
-11.367,12.395,-8.8533
-11.06,0.53152,-8.3813
-8.3528,11.656,-0.93862
-8.7566,10.755,-5.5546
-8.6413,5.9444,0.11038
-2.2837,11.657,-0.32162
-8.2722,5.7889,4.9484
-2.8155,12.19,-5.4846
-10.818,3.2405,0.006377
-6.3192,8.8323,-0.30562
-11.106,2.9534,-5.6476
-4.8512,8.565,4.8124
-11.42,8.9652,-0.44062
-11.886,8.4228,5.6554
-11.976,6.2061,-3.1216
-5.4063,10.734,-3.4946
-12.198,5.3957,2.6884
-5.9437,11.601,2.5244
-5.6863,6.6593,-3.2306
-12.008,11.692,-3.0786
-11.367,12.395,2.6564
-11.06,0.53152,3.1284
-8.3528,11.656,10.571
-8.7566,10.755,5.955
-8.6413,5.9444,11.62
-2.2837,11.657,11.188
-2.8155,12.19,6.025
-10.818,3.2405,11.516
-6.3192,8.8323,11.204
-11.106,2.9534,5.862
-11.42,8.9652,11.069
-11.976,6.2061,8.388
-5.4063,10.734,8.015
-5.6863,6.6593,8.279
-12.008,11.692,8.431
12.54,-0.89028,-2.4626
12.54,-0.89028,9.047
9.0857,5.3766,-11.566
3.5837,11.417,-11.482
9.5666,4.8717,-5.4459
3.6085,10.667,-5.5029
9.3014,11.557,-10.907
9.3368,10.898,-5.6319
12.861,2.8869,-11.051
6.6264,8.4907,-10.912
6.6611,7.9497,-5.7239
12.259,8.6116,-11.498
11.793,8.0692,-5.4019
11.481,5.0421,-8.3689
6.4129,12.277,-8.5399
12.312,12.041,-8.4009
12.618,0.17794,-7.9289
9.0857,5.3766,-0.056248
3.5837,11.417,0.027752
9.5666,4.8717,6.0638
3.6085,10.667,6.0068
9.3014,11.557,0.60275
9.3368,10.898,5.8778
12.861,2.8869,0.45875
6.6264,8.4907,0.59775
12.572,2.5998,-5.1952
6.6611,7.9497,5.7858
12.259,8.6116,0.011752
11.793,8.0692,6.1078
11.703,5.8525,-2.6692
6.2948,11.14,-2.8722
11.481,5.0421,3.1408
6.4129,12.277,2.9698
11.671,11.339,-2.6262
0.88471,10.765,-2.6872
6.7579,5.6227,-2.7282
12.312,12.041,3.1088
12.618,0.17794,3.5808
9.0857,5.3766,11.453
3.5837,11.417,11.537
9.3014,11.557,12.112
12.861,2.8869,11.968
6.6264,8.4907,12.107
12.572,2.5998,6.3144
12.259,8.6116,11.521
11.703,5.8525,8.8404
6.2948,11.14,8.6374
11.671,11.339,8.8834
0.88471,10.765,8.8224
6.7579,5.6227,8.7814
0.96341,11.833,-8.1535
0.96341,11.833,3.3561
0,0,0
-5.5564,0.18385,0.162
-0.17112,-0.52326,-5.549
-0.20789,5.6088,-0.479
5.8145,-0.098288,0.025
-0.19163,-5.9333,-0.372
-0.17112,-0.52326,5.9607
-5.7078,5.6583,-0.257
-5.8089,-0.39952,-5.588
5.7085,5.7863,-0.289
0.30123,5.9298,5.579
0.55579,-5.9058,5.649
-5.8089,-0.39952,5.9217
0.55579,-5.9058,-5.8607
0.30123,5.9298,-5.9307
-6.3153,-5.5152,-0.51675
5.9473,-5.9968,-0.032377
6.5308,0.082024,5.659
6.5308,0.082024,-5.8507
-5.5437,5.4772,-5.6977
-5.8288,-5.6368,5.3492
-5.5437,5.4772,5.812
6.195,5.6646,5.577
-5.8288,-5.6368,-6.1604
6.1113,-6.1778,-5.473
6.195,5.6646,-5.9327
6.1113,-6.1778,6.0366
0.28779,-11.214,-0.215
-11.367,0.44101,-0.43962
0,0,-11.51
0,0,11.51
0.65653,11.742,-0.21187
12.312,0.087426,0.012752
-0.20789,5.6088,11.031
-0.51277,-11.217,5.7299
-0.19163,-5.9333,11.138
-0.51277,-11.217,-5.7798
-5.5564,0.18385,-11.348
11.511,0.084146,-5.552
5.8145,-0.098288,-11.485
5.8145,-0.098288,11.535
-5.5564,0.18385,11.672
11.447,-6.0463,-0.25438
-5.8405,11.557,-0.19962
11.511,0.084146,5.9577
-6.2092,-11.4,-0.20275
11.832,5.3681,-0.14425
6.0986,-11.471,0.38662
-0.14403,11.739,5.733
-0.14403,11.739,-5.7766
-11.847,5.7217,-0.59662
6.4673,11.485,0.38975
-0.20789,5.6088,-11.989
-0.19163,-5.9333,-11.882
-12.168,0.43773,5.5053
-12.232,-5.6927,-0.70675
-12.168,0.43773,-6.0044
-5.4929,-11.219,5.4312
-11.099,5.7493,5.4244
6.2149,10.902,-5.3602
-6.3153,-5.5152,10.993
-5.7078,5.6583,11.253
5.7085,5.7863,11.221
-5.4929,-11.219,-6.0784
-11.099,5.7493,-6.0853
-5.1242,11.737,5.4344
-11.723,-5.3716,5.3512
6.2149,10.902,6.1494
-5.1242,11.737,-6.0753
-5.7078,5.6583,-11.767
5.9473,-5.9968,11.477
-11.723,-5.3716,-6.1584
5.9473,-5.9968,-11.542
5.7085,5.7863,-11.799
5.8461,-12.055,-5.3634
11.956,-5.7252,-5.706
11.956,-5.7252,5.8036
-6.3153,-5.5152,-12.026
5.8461,-12.055,6.1463
12.58,5.3957,-5.6329
12.58,5.3957,5.8768
-11.367,0.44101,11.07
0.28779,-11.214,11.295
0.28779,-11.214,-11.725
0.65653,11.742,11.298
11.655,-11.655,0.22462
-11.655,11.655,-0.22462
-11.367,0.44101,-11.949
-12.024,-11.301,-0.22775
12.024,11.301,0.22775
0.65653,11.742,-11.722
12.312,0.087426,-11.497
12.312,0.087426,11.522
11.853,10.778,-5.3212
-11.847,5.7217,10.913
6.0986,-11.471,-11.123
11.447,-6.0463,11.255
11.853,10.778,6.1884
-5.8405,11.557,11.31
-6.2092,-11.4,11.307
-11.826,11.132,5.736
-11.826,11.132,-5.7736
6.4673,11.485,-11.12
11.832,5.3681,11.365
-12.232,-5.6927,10.803
11.832,5.3681,-11.654
-5.8405,11.557,-11.709
-6.2092,-11.4,-11.712
11.447,-6.0463,-11.764
11.484,-12.178,-5.3244
6.0986,-11.471,11.896
6.4673,11.485,11.899
11.484,-12.178,6.1853
-11.847,5.7217,-12.106
-12.195,-11.825,5.7329
-12.195,-11.825,-5.7768
-12.232,-5.6927,-12.216
11.655,-11.655,-11.285
-11.655,11.655,11.285
-12.024,-11.301,11.282
12.024,11.301,-11.282
11.655,-11.655,11.734
-11.655,11.655,-11.734
-12.024,-11.301,-11.737
12.024,11.301,11.737
