-9.1944,-9.0484,-9.8637
-9.1944,-9.0484,1.9719
8.9085,-8.7869,-8.4438
8.4927,-8.958,-3.5918
8.9085,-8.7869,3.3919
8.4927,-8.958,8.2439
2.4218,-9.0517,-9.1077
-3.4387,-3.1035,-9.1377
8.5772,-2.9387,-9.4647
2.3377,2.4141,-9.6267
-3.1586,-9.1408,-8.9157
-9.0439,-2.5654,-9.0987
2.4218,-9.0517,2.728
-3.4387,-3.1035,2.698
8.5772,-2.9387,2.371
2.3377,2.4141,2.209
2.6121,-8.9251,-3.259
-3.7413,-2.5703,-3.148
7.9443,-3.2845,-2.841
-8.6734,-8.433,-3.903
-3.1586,-9.1408,2.92
-9.0439,-2.5654,2.737
3.0321,-3.3305,-8.35
-2.5887,2.7103,-8.68
-3.3326,-8.4662,-3.704
-9.3713,-3.2124,-3.402
3.252,-3.4146,-2.925
-3.0045,2.5392,-3.828
2.6121,-8.9251,8.5767
-3.7413,-2.5703,8.6877
7.9443,-3.2845,8.9947
-8.6734,-8.433,7.9327
3.0321,-3.3305,3.4857
-2.5887,2.7103,3.1557
-3.3326,-8.4662,8.1317
-9.3713,-3.2124,8.4337
3.252,-3.4146,8.9107
-3.0045,2.5392,8.0077
-9.0754,2.4455,-9.3439
-2.92,8.5585,-9.7009
-9.0754,2.4455,2.4918
-2.92,8.5585,2.1348
-8.8852,2.5721,-3.4952
-3.5529,8.2127,-3.0772
-8.4651,8.1667,-8.5862
-8.2452,8.0826,-3.1612
-8.8852,2.5721,8.3404
-3.5529,8.2127,8.7584
-8.4651,8.1667,3.2494
-8.2452,8.0826,8.6744
8.0934,8.359,-8.9006
8.3734,2.3217,-8.6786
2.4882,8.8971,-8.8616
8.0934,8.359,2.9351
7.7908,8.8921,-2.9109
2.8587,3.0295,-3.6659
8.3734,2.3217,3.1571
2.4882,8.8971,2.9741
8.1995,2.9963,-3.4669
2.1608,8.2501,-3.1649
7.7908,8.8921,8.9247
2.8587,3.0295,8.1697
8.1995,2.9963,8.3687
2.1608,8.2501,8.6707
-8.6803,-8.7917,-2.6821
-8.6803,-8.7917,9.1536
7.8203,-8.9743,-8.8254
3.3061,-9.1072,-8.0438
7.8203,-8.9743,3.0102
9.3575,-8.9036,-2.3578
3.3061,-9.1072,3.7919
9.3575,-8.9036,9.4779
-1.818,-8.4733,-9.1677
-8.3813,-3.9068,-8.9257
3.0448,-2.5329,-9.5657
-3.677,2.523,-9.0617
-8.6366,-8.3608,-8.64
-2.9882,-3.2089,-7.874
-8.1911,2.39,-8.28
2.8518,2.6707,-2.445
-2.9324,-3.8191,-3.222
2.8885,-8.8282,-1.777
-1.818,-8.4733,2.668
-8.3813,-3.9068,2.91
3.0448,-2.5329,2.27
-3.677,2.523,2.774
-2.5555,-8.5913,-2.453
-8.6635,-2.9713,-2.097
2.4629,-2.1249,-2.925
-2.1397,2.5937,-2.594
-8.6366,-8.3608,3.1957
-2.9882,-3.2089,3.9617
-8.1911,2.39,3.5557
2.8518,2.6707,9.3907
-2.9324,-3.8191,8.6137
2.8885,-8.8282,10.059
-2.5555,-8.5913,9.3827
-8.6635,-2.9713,9.7387
2.4629,-2.1249,8.9107
-2.1397,2.5937,9.2417
-8.4524,8.9644,-9.8019
-8.6087,2.669,-2.0132
-8.4524,8.9644,2.0338
-9.0344,9.3724,-3.1612
-8.6087,2.669,9.8224
-9.0344,9.3724,8.6744
8.8709,-2.8087,-7.6527
9.0455,-2.8646,-3.2577
8.8709,-2.8087,4.183
9.0455,-2.8646,8.578
9.7141,2.9892,-8.9306
3.1507,7.5557,-8.6886
2.8955,3.1016,-8.4029
-2.6263,8.6885,-7.8889
8.5438,8.2536,-7.6369
-2.4517,8.6326,-3.4939
8.5997,7.6434,-2.9849
9.7141,2.9892,2.9051
3.1507,7.5557,3.1471
8.9766,2.8711,-2.2159
2.8686,8.4912,-1.8599
2.8955,3.1016,3.4327
-2.6263,8.6885,3.9467
8.5438,8.2536,4.1987
-2.4517,8.6326,8.3417
8.5997,7.6434,8.8507
8.9766,2.8711,9.6197
2.8686,8.4912,9.9757
-11.202,-8.7012,-12.678
-8.9335,-11.607,-12.223
-11.81,-11.52,-2.8861
-11.729,-12.76,-8.9871
-6.3956,-11.361,-2.9971
-12.349,-5.8099,-3.8431
-6.7945,-11.211,-8.8101
-11.389,-8.8589,-6.7031
-11.202,-8.7012,-0.84206
-8.9624,-12.167,-6.0371
-8.9335,-11.607,-0.38706
-11.81,-11.52,8.9496
-11.729,-12.76,2.8486
-6.3956,-11.361,8.8386
-12.349,-5.8099,7.9926
-6.7945,-11.211,3.0256
-11.389,-8.8589,5.1326
-11.202,-8.7012,10.994
-8.9624,-12.167,5.7986
-8.9335,-11.607,11.449
5.4734,-11.556,-8.7004
5.8573,-8.9347,-11.346
11.827,-8.736,-12.204
8.4312,-11.654,-11.005
2.5827,-11.661,-11.496
8.7374,-6.4435,-11.576
5.4847,-6.5963,-2.6008
11.219,-11.554,-2.4128
5.3454,-6.5842,-8.5458
11.3,-12.795,-8.5138
5.0244,-11.924,-2.7158
10.68,-5.8446,-3.3698
5.4734,-11.556,3.1352
5.8892,-9.0414,-5.9448
5.8573,-8.9347,0.48924
11.64,-8.8937,-6.2298
11.827,-8.736,-0.36876
8.2749,-11.806,-6.4678
8.4312,-11.654,0.83024
2.5049,-11.396,-5.8608
8.3456,-5.612,-6.2548
2.5827,-11.661,0.33924
8.7374,-6.4435,0.25924
5.4847,-6.5963,9.2349
11.219,-11.554,9.4229
5.3454,-6.5842,3.2899
11.3,-12.795,3.3219
5.0244,-11.924,9.1199
10.68,-5.8446,8.4659
5.8892,-9.0414,5.8909
5.8573,-8.9347,12.325
11.64,-8.8937,5.6059
11.827,-8.736,11.467
8.2749,-11.806,5.3679
8.4312,-11.654,12.666
2.5049,-11.396,5.9749
8.3456,-5.612,5.5809
2.5827,-11.661,12.175
8.7374,-6.4435,12.095
-5.7997,-6.0231,-8.9117
-0.15132,-5.6611,-9.1157
-6.0238,-0.05869,-8.9367
-11.752,-5.2184,-9.3737
-5.6017,-8.7087,-12.225
-11.577,-3.0809,-12.671
-0.26022,-2.8298,-12.253
-5.6399,2.5626,-11.583
-0.10112,-8.5751,-11.827
-5.7912,-3.1763,-11.973
5.3464,-3.0582,-11.864
0.33022,2.7613,-12.441
-2.9112,-11.785,-12.284
-8.6062,-5.683,-11.436
2.7973,-5.5607,-11.881
-3.066,-0.15698,-11.242
-2.8369,-6.1292,-12.314
-8.9145,-0.16334,-11.733
2.5986,-0.14496,-11.986
-2.7598,5.0537,-11.813
-0.42639,-10.927,-3.05
-6.9593,-5.7841,-2.777
-6.0125,4.901,-2.837
-0.27789,-0.057276,-2.649
-0.87893,-11.85,-8.795
-5.7997,-6.0231,2.924
-6.1518,4.913,-8.782
-0.19728,-1.2975,-8.75
-0.15061,-6.5315,-3.192
-6.4729,-0.42709,-2.952
5.1364,0.10182,-2.76
-0.81742,5.6526,-3.606
-0.15132,-5.6611,2.72
-6.0238,-0.05869,2.899
4.7376,0.25173,-8.573
-11.752,-5.2184,2.462
-6.0344,-8.7936,-5.972
-11.535,-3.0186,-5.761
-0.59609,-2.8221,-5.439
-5.6081,2.4558,-6.181
-5.6017,-8.7087,-0.389
-11.577,-3.0809,-0.835
-0.26022,-2.8298,-0.417
-5.6399,2.5626,0.253
-0.45396,-8.6649,-6.44
-6.2112,-3.199,-5.941
5.6519,-3.194,-5.658
0.14284,2.6036,-6.466
-0.10112,-8.5751,0.009
-5.7912,-3.1763,-0.137
5.3464,-3.0582,-0.028
0.33022,2.7613,-0.605
-3.1134,-11.691,-5.598
-9.0064,-5.9715,-6.418
2.6821,-5.8598,-6.122
-3.2223,-0.30901,-6.704
-2.9112,-11.785,-0.448
-8.6062,-5.683,0.4
2.7973,-5.5607,-0.045
-3.066,-0.15698,0.594
-3.124,-5.5055,-5.74
-8.9923,0.10112,-6.097
2.5696,-0.70428,-5.8
-3.1516,5.8852,-6.491
-2.8369,-6.1292,-0.478
-8.9145,-0.16334,0.103
2.5986,-0.14496,-0.15
-2.7598,5.0537,0.023
-0.42639,-10.927,8.7857
-6.9593,-5.7841,9.0587
-6.0125,4.901,8.9987
-0.27789,-0.057276,9.1867
-0.87893,-11.85,3.0407
-6.1518,4.913,3.0537
-0.19728,-1.2975,3.0857
-0.15061,-6.5315,8.6437
-6.4729,-0.42709,8.8837
5.1364,0.10182,9.0757
-0.81742,5.6526,8.2297
4.7376,0.25173,3.2627
-6.0344,-8.7936,5.8637
-11.535,-3.0186,6.0747
-0.59609,-2.8221,6.3967
-5.6081,2.4558,5.6547
-5.6017,-8.7087,11.447
-11.577,-3.0809,11.001
-0.26022,-2.8298,11.419
-5.6399,2.5626,12.089
-0.45396,-8.6649,5.3957
-6.2112,-3.199,5.8947
5.6519,-3.194,6.1777
0.14284,2.6036,5.3697
-0.10112,-8.5751,11.845
-5.7912,-3.1763,11.699
5.3464,-3.0582,11.808
0.33022,2.7613,11.231
-3.1134,-11.691,6.2377
-9.0064,-5.9715,5.4177
2.6821,-5.8598,5.7137
-3.2223,-0.30901,5.1317
-2.9112,-11.785,11.388
-8.6062,-5.683,12.236
2.7973,-5.5607,11.791
-3.066,-0.15698,12.43
-3.124,-5.5055,6.0957
-8.9923,0.10112,5.7387
2.5696,-0.70428,6.0357
-3.1516,5.8852,5.3447
-2.8369,-6.1292,11.358
-8.9145,-0.16334,11.939
2.5986,-0.14496,11.686
-2.7598,5.0537,11.859
-11.649,5.8361,-9.3519
-11.757,8.6674,-12.489
-11.598,2.9221,-12.063
-6.1508,8.439,-12.1
-8.6999,5.9365,-12.117
-8.8986,11.352,-12.222
-11.924,0.5703,-3.2862
-11.775,11.44,-2.8852
-12.376,-0.35318,-9.0312
-11.695,10.2,-8.9862
-11.648,4.9657,-3.4282
-6.3608,11.599,-2.9962
-11.649,5.8361,2.4838
-6.7596,11.749,-8.8092
-12.093,8.6752,-5.6752
-11.757,8.6674,-0.65324
-11.951,2.8323,-6.6762
-5.8453,8.3032,-5.8942
-11.598,2.9221,-0.22724
-6.1508,8.439,-0.26424
-8.8152,5.6374,-6.3582
-8.6999,5.9365,-0.28124
-8.9276,10.793,-6.0362
-8.8986,11.352,-0.38624
-11.924,0.5703,8.5494
-11.775,11.44,8.9504
-12.376,-0.35318,2.8044
-11.695,10.2,2.8494
-11.648,4.9657,8.4074
-6.3608,11.599,8.8394
-6.7596,11.749,3.0264
-12.093,8.6752,6.1604
-11.757,8.6674,11.182
-11.951,2.8323,5.1594
-5.8453,8.3032,5.9414
-11.598,2.9221,11.608
-6.1508,8.439,11.571
-8.8152,5.6374,5.4774
-8.6999,5.9365,11.554
-8.9276,10.793,5.7994
-8.8986,11.352,11.449
11.277,-5.2532,-8.9004
11.452,-3.1156,-12.197
11.277,-5.2532,2.9353
11.494,-3.0534,-5.2877
11.452,-3.1156,-0.3617
11.494,-3.0534,6.548
11.452,-3.1156,11.474
5.7324,5.4393,-8.6746
11.381,5.8014,-8.8786
5.5082,11.404,-8.6996
-0.22005,6.244,-9.1366
5.9304,2.7538,-11.988
-0.045391,8.3816,-12.434
11.272,8.6326,-12.016
11.431,2.8874,-11.59
5.7409,8.2862,-11.736
8.6209,-0.32287,-12.047
2.9259,5.7795,-11.199
8.4661,11.306,-11.005
8.6952,5.3333,-12.077
2.6176,11.299,-11.496
11.106,0.53556,-2.8129
4.5727,5.6783,-2.5399
11.254,11.405,-2.4119
10.653,-0.38792,-8.5579
5.7324,5.4393,3.1611
11.335,10.165,-8.5129
11.381,4.9309,-2.9549
5.0592,11.035,-2.7149
11.381,5.8014,2.9571
5.5082,11.404,3.1361
-0.22005,6.244,2.6991
5.4976,2.6689,-5.7349
-0.0029642,8.4438,-5.5239
10.936,8.6404,-5.2019
5.9304,2.7538,-0.15194
-0.045391,8.3816,-0.59794
11.272,8.6326,-0.17994
11.078,2.7976,-6.2029
5.3208,8.2635,-5.7039
11.431,2.8874,0.24606
5.7409,8.2862,0.10006
8.4187,-0.22812,-5.3609
2.5256,5.491,-6.1809
8.3098,11.153,-6.4669
8.6209,-0.32287,-0.21094
2.9259,5.7795,0.63706
8.4661,11.306,0.83106
8.4081,5.9569,-5.5029
2.5398,11.564,-5.8599
8.6952,5.3333,-0.24094
2.6176,11.299,0.34006
11.106,0.53556,9.0227
4.5727,5.6783,9.2957
11.254,11.405,9.4237
10.653,-0.38792,3.2777
11.335,10.165,3.3227
11.381,4.9309,8.8807
5.0592,11.035,9.1207
5.4976,2.6689,6.1007
-0.0029642,8.4438,6.3117
10.936,8.6404,6.6337
5.9304,2.7538,11.684
-0.045391,8.3816,11.238
11.272,8.6326,11.656
11.078,2.7976,5.6327
5.3208,8.2635,6.1317
11.431,2.8874,12.082
5.7409,8.2862,11.936
8.4187,-0.22812,6.4747
2.5256,5.491,5.6547
8.3098,11.153,5.3687
8.6209,-0.32287,11.625
2.9259,5.7795,12.473
8.4661,11.306,12.667
8.4081,5.9569,6.3327
2.5398,11.564,5.9757
8.6952,5.3333,11.595
2.6176,11.299,12.176
-2.8763,11.174,-12.283
-0.39154,12.033,-3.0492
-0.84409,11.109,-8.7942
-3.0785,11.269,-5.5972
-2.8763,11.174,-0.44718
-0.39154,12.033,8.7865
-0.84409,11.109,3.0415
-3.0785,11.269,6.2385
-2.8763,11.174,11.388
0,0,0
-0.19304,-0.25102,5.5527
-0.024042,-5.589,-0.122
-0.11597,5.7601,-0.157
5.8449,-0.14425,-0.208
-5.8435,-0.38042,0.016
-0.19304,-0.25102,-6.283
-0.35002,5.4115,5.6177
-5.596,5.5748,0.058
5.3464,-0.15627,5.8177
5.8278,5.5235,0.45106
5.3464,-0.15627,-6.018
-0.0084853,-5.7629,-5.872
-5.7042,-5.939,0.214
-0.35002,5.4115,-6.218
-0.0084853,-5.7629,5.9637
5.9012,-5.9224,0.29424
-6.0825,-0.36628,-5.78
-6.0825,-0.36628,6.0557
5.3138,5.5751,-5.3019
-5.9019,5.5116,5.6534
5.5953,-5.9857,5.8897
5.3138,5.5751,6.5337
5.5953,-5.9857,-5.946
-5.9019,5.5116,-6.1822
-6.2183,-5.8874,-5.539
-6.2183,-5.8874,6.2967
0.039598,-11.416,-0.542
-11.458,0.081689,-0.77824
0.074446,11.544,-0.54118
11.572,0.046946,-0.30494
0,0,-11.836
0,0,11.836
5.6885,11.082,0.25306
11.279,0.090787,-5.7249
-5.6523,11.353,-0.44424
11.381,-5.7371,0.079238
-0.25314,-11.372,5.8737
11.279,0.090787,6.1107
-0.25314,-11.372,-5.962
11.508,5.8735,0.11506
-5.6871,-11.607,-0.44506
-11.521,5.9082,-0.35824
-11.648,-5.7024,-0.39406
-0.024042,-5.589,11.714
-0.2183,11.588,5.8745
5.8449,-0.14425,11.628
-0.11597,5.7601,11.679
-0.2183,11.588,-5.9612
-11.75,0.12553,5.6374
5.6537,-11.878,0.25224
-5.8435,-0.38042,-11.82
-0.024042,-5.589,-11.958
-5.8435,-0.38042,11.852
-11.75,0.12553,-6.1982
-0.11597,5.7601,-11.993
5.8449,-0.14425,-12.044
5.4495,11.096,-5.5429
5.4495,11.096,6.2927
5.8278,5.5235,-11.385
11.147,-6.0857,5.8539
11.524,5.6996,-5.6349
11.147,-6.0857,-5.9818
-6.1508,11.341,5.5814
-11.506,5.7343,5.7274
5.4147,-11.864,-5.5438
-5.596,5.5748,-11.778
-11.506,5.7343,-6.1082
-5.7042,-5.939,-11.622
5.9012,-5.9224,-11.541
11.524,5.6996,6.2007
-5.596,5.5748,11.894
-6.1856,-11.619,5.5806
-6.1508,11.341,-6.2542
-11.882,-6.051,5.3806
5.4147,-11.864,6.2919
-6.1856,-11.619,-6.2551
-5.7042,-5.939,12.05
5.8278,5.5235,12.287
5.9012,-5.9224,12.13
-11.882,-6.051,-6.4551
-11.458,0.081689,11.057
0.039598,-11.416,11.294
0.074446,11.544,11.294
11.497,-11.497,0.23624
-11.497,11.497,-0.23624
-11.532,-11.462,-0.23706
11.532,11.462,0.23706
11.572,0.046946,11.531
11.572,0.046946,-12.141
0.039598,-11.416,-12.378
0.074446,11.544,-12.377
11.339,11.211,5.7897
5.6885,11.082,-11.583
-11.458,0.081689,-12.614
-5.6523,11.353,11.391
11.339,11.211,-6.0459
-11.69,11.246,5.3164
-5.6871,-11.607,11.391
-11.648,-5.7024,11.442
11.304,-11.748,5.7889
-11.521,5.9082,11.477
11.381,-5.7371,-11.756
5.6885,11.082,12.089
11.304,-11.748,-6.0468
-11.725,-11.714,5.3156
11.508,5.8735,-11.721
11.381,-5.7371,11.915
-11.69,11.246,-6.5192
5.6537,-11.878,-11.583
11.508,5.8735,11.951
-5.6523,11.353,-12.28
-11.521,5.9082,-12.194
-11.725,-11.714,-6.5201
-11.648,-5.7024,-12.23
-5.6871,-11.607,-12.281
5.6537,-11.878,12.088
-11.532,-11.462,11.599
11.532,11.462,-11.599
11.497,-11.497,-11.599
-11.497,11.497,11.599
11.497,-11.497,12.072
-11.497,11.497,-12.072
-11.532,-11.462,-12.073
11.532,11.462,12.073
