-9.1953,-7.9964,-9.2124
-3.6106,-8.6413,-10.057
-9.7433,-3.4674,-9.4004
-10.13,-8.2637,-3.2598
-9.1953,-7.9964,2.2972
-3.6106,-8.6413,1.4522
-9.7433,-3.4674,2.1092
-10.13,-8.2637,8.2499
8.8627,-9.1823,-8.734
9.1589,-8.3896,-2.4474
8.8627,-9.1823,2.7756
9.1589,-8.3896,9.0623
2.588,-8.16,-9.2087
-3.2527,-2.4353,-8.9247
8.5199,-2.1432,-8.6307
2.8284,3.305,-8.9847
2.8341,-2.9783,-8.2007
-2.7924,2.4728,-8.9587
8.4132,2.6601,-9.8297
2.2804,7.834,-9.1727
2.5831,-8.5779,-3.122
-3.7979,-1.8802,-2.587
8.0844,-2.2988,-3.676
1.8936,3.0377,-3.032
2.588,-8.16,2.301
-3.2527,-2.4353,2.585
8.5199,-2.1432,2.879
2.8284,3.305,2.525
2.2465,-3.2944,-3.222
-2.4961,3.2654,-2.672
-3.0356,-8.6543,-2.557
-8.3382,-3.6119,-2.753
2.8341,-2.9783,3.309
-2.7924,2.4728,2.551
8.4132,2.6601,1.68
2.2804,7.834,2.337
2.5831,-8.5779,8.3877
-3.7979,-1.8802,8.9227
8.0844,-2.2988,7.8337
1.8936,3.0377,8.4777
2.2465,-3.2944,8.2877
-2.4961,3.2654,8.8377
-3.0356,-8.6543,8.9527
-8.3382,-3.6119,8.7567
-9.067,3.495,-9.4333
-3.1351,9.5118,-8.8553
-8.8209,8.6767,-8.4253
-9.072,3.0771,-3.3466
-3.5707,9.3562,-3.9006
-9.067,3.495,2.0764
-3.1351,9.5118,2.6544
-9.4085,8.3606,-3.4466
-8.8209,8.6767,3.0844
-9.072,3.0771,8.163
-3.5707,9.3562,7.609
-9.4085,8.3606,8.063
8.7711,8.8662,-8.6969
8.2259,9.4212,-2.3592
8.7711,8.8662,2.8128
8.9881,2.6472,-2.3292
3.6856,7.6895,-2.5252
8.2259,9.4212,9.1504
8.9881,2.6472,9.1804
3.6856,7.6895,8.9844
-10.681,-2.3983,-8.9004
-9.1183,-9.0253,-8.1094
-4.3891,-8.181,-3.9328
-9.744,-2.7539,-3.9108
-10.681,-2.3983,2.6092
-9.0426,-8.4278,-2.2418
-9.1183,-9.0253,3.4002
-4.3891,-8.181,7.5769
-9.744,-2.7539,7.5989
-9.0426,-8.4278,9.2679
8.0219,-9.0203,-7.524
3.2037,-8.9765,-8
8.3012,-3.92,-8.892
9.784,-9.4191,-1.6404
8.0219,-9.0203,3.9856
2.4775,-9.4877,-1.5454
8.4448,-3.0891,-2.2174
3.2037,-8.9765,3.5096
8.3012,-3.92,2.6176
9.784,-9.4191,9.8693
2.4775,-9.4877,9.9643
8.4448,-3.0891,9.2923
-2.4855,-8.5553,-8.6407
1.3428,8.9032,-8.6727
4.0312,-2.5039,-8.9697
-3.6331,2.6347,-7.7487
-3.1403,-3.8049,-8.3437
-8.4513,2.6785,-8.2247
2.9055,2.2762,-7.8817
-3.3538,7.735,-9.1167
7.6346,3.1205,-3.705
2.2797,8.5475,-3.683
3.2888,-2.4614,-2.543
-1.871,2.2359,-1.865
-2.4855,-8.5553,2.869
1.3428,8.9032,2.837
4.0312,-2.5039,2.54
-3.6331,2.6347,3.761
-3.3786,-3.083,-3.422
-9.1775,2.1673,-1.77
2.9812,2.8737,-2.014
-3.2103,8.5659,-2.442
-3.1403,-3.8049,3.166
-8.4513,2.6785,3.285
2.9055,2.2762,3.628
-3.3538,7.735,2.393
7.6346,3.1205,7.8047
2.2797,8.5475,7.8267
3.2888,-2.4614,8.9667
-1.871,2.2359,9.6447
-3.3786,-3.083,8.0877
-9.1775,2.1673,9.7397
2.9812,2.8737,9.4957
-3.2103,8.5659,9.0677
-7.6238,9.1512,-9.1943
-8.3663,9.1936,-2.7676
-7.6238,9.1512,2.3154
-8.3663,9.1936,8.742
9.5383,2.7461,-8.4129
8.8835,7.4965,-8.1159
9.5383,2.7461,3.0968
8.6452,8.2184,-3.1942
8.8835,7.4965,3.3938
8.6452,8.2184,8.3154
-9.1833,-11.384,-11.798
-3.2924,-11.258,-12.441
-8.9797,-5.8489,-12.226
-3.6014,-10.736,-6.4324
-9.3629,-5.197,-6.1484
-11.796,-8.497,-11.302
-12.058,-8.5402,-6.2964
-6.2481,-8.2665,-11.753
-12.872,-2.7009,-11.583
-12.52,-2.7949,-6.3964
-6.6865,-11.006,-8.7374
-12.409,-5.4049,-8.9374
-10.873,-11.235,-9.0444
-1.1244,-10.706,-8.7254
-9.1833,-11.384,-0.28875
-9.498,-11.509,-5.6268
-3.2924,-11.258,-0.93175
-8.9797,-5.8489,-0.71675
-3.6014,-10.736,5.0772
-9.3629,-5.197,5.3612
-11.796,-8.497,0.20725
-12.058,-8.5402,5.2132
-6.2481,-8.2665,-0.24375
-12.872,-2.7009,-0.073752
-7.2649,-8.1209,-5.6388
-12.52,-2.7949,5.1132
-6.8081,-11.106,-2.9398
-6.6865,-11.006,2.7722
-12.409,-5.4049,2.5722
-12.482,-11.497,-3.3538
-10.873,-11.235,2.4652
-1.1244,-10.706,2.7842
-9.1833,-11.384,11.221
-9.498,-11.509,5.8829
-3.2924,-11.258,10.578
-8.9797,-5.8489,10.793
-11.796,-8.497,11.717
-6.2481,-8.2665,11.266
-12.872,-2.7009,11.436
-7.2649,-8.1209,5.8709
-6.8081,-11.106,8.5699
-12.482,-11.497,8.1559
-12.779,0.94897,-8.95
-12.779,0.94897,2.5596
2.5496,-12.141,-10.401
8.7262,-6.1778,-11.085
2.6521,-12.347,-6.216
8.5232,-6.1247,-6.274
8.2439,-11.747,-11.601
11.883,-8.8506,-10.85
11.62,-8.8938,-5.844
4.8187,-8.8959,-11.199
10.807,-3.0545,-11.131
5.5195,-8.635,-5.66
11.159,-3.1485,-5.944
5.4975,-11.853,-8.187
11.27,-5.7585,-8.485
12.806,-11.589,-8.592
2.5496,-12.141,1.1086
8.7262,-6.1778,0.42462
2.6521,-12.347,5.2936
8.5232,-6.1247,5.2356
8.2439,-11.747,-0.091377
8.2956,-10.971,-5.2464
11.883,-8.8506,0.65962
11.62,-8.8938,5.6656
4.8187,-8.8959,0.31062
10.807,-3.0545,0.37862
5.5195,-8.635,5.8496
11.159,-3.1485,5.5656
4.6158,-11.961,-2.2124
10.546,-5.2783,-2.6644
5.4975,-11.853,3.3226
11.27,-5.7585,3.0246
11.197,-11.85,-2.9014
0.49475,-12.206,-2.2664
12.806,-11.589,2.9176
2.5496,-12.141,12.618
8.7262,-6.1778,11.934
8.2439,-11.747,11.418
8.2956,-10.971,6.2633
11.883,-8.8506,12.169
4.8187,-8.8959,11.82
10.807,-3.0545,11.888
4.6158,-11.961,9.2973
10.546,-5.2783,8.8453
11.197,-11.85,8.6083
0.49475,-12.206,9.2433
-2.8313,-5.497,-11.411
-9.1054,-0.48578,-10.626
2.8404,-0.082731,-11.571
-2.9288,5.4772,-11.31
-2.9805,-6.2133,-5.8887
-9.0029,-0.69155,-6.4407
-3.1318,5.5303,-6.4987
2.8256,-4.4392,-11.348
-3.4111,-0.091924,-11.826
8.7314,0.043841,-12.214
3.0441,5.4525,-11.999
2.9133,-6.0104,-5.9787
8.4223,0.56498,-6.2047
2.6608,6.1045,-5.9207
0.48154,-8.6755,-11.451
-6.7338,-3.078,-11.425
5.9673,-2.7811,-11.141
0.22769,2.8044,-11.075
0.58336,-8.9484,-6.1797
-5.2425,-2.95,-5.7627
5.6038,-2.7019,-5.6297
-0.034648,2.7613,-6.0687
-0.30406,-2.8482,-11.053
-6.8363,2.7591,-11.424
5.7756,3.0349,-11.526
-0.84782,8.6005,-11.356
-0.68801,-3.1247,-5.9517
-6.1356,3.0201,-5.8847
-0.49639,8.5065,-6.1687
-0.53387,-6.1469,-8.7027
-6.1575,-0.19799,-8.4117
5.3372,0.29557,-8.5097
-0.38537,5.8966,-8.7097
5.7827,-5.2184,-8.5107
1.1512,0.066468,-8.8167
10.899,0.59538,-8.4977
-5.6505,-5.6392,-8.5597
-2.8313,-5.497,0.099
-9.1054,-0.48578,0.884
2.8404,-0.082731,-0.061
-2.9288,5.4772,0.2
-2.9805,-6.2133,5.621
-9.0029,-0.69155,5.069
2.5258,-0.20789,-5.399
-3.1318,5.5303,5.011
2.8256,-4.4392,0.162
-3.4111,-0.091924,-0.316
8.7314,0.043841,-0.704
3.0441,5.4525,-0.489
2.9133,-6.0104,5.531
-3.3595,0.68377,-5.471
8.4223,0.56498,5.305
2.6608,6.1045,5.589
0.48154,-8.6755,0.059
-6.7338,-3.078,0.085
5.9673,-2.7811,0.369
0.22769,2.8044,0.435
0.58336,-8.9484,5.33
-5.2425,-2.95,5.747
5.6038,-2.7019,5.88
-0.034648,2.7613,5.441
-0.30406,-2.8482,0.457
-6.8363,2.7591,0.086
5.7756,3.0349,-0.016
-0.84782,8.6005,0.154
-0.68801,-3.1247,5.558
-6.1356,3.0201,5.625
4.7588,3.1806,-5.411
-0.49639,8.5065,5.341
-0.39103,-5.1866,-2.806
-7.0392,-0.30618,-2.437
5.2156,0.19516,-2.712
-1.1087,6.3767,-2.889
-0.53387,-6.1469,2.807
-6.1575,-0.19799,3.098
5.3372,0.29557,3
-0.38537,5.8966,2.8
5.6625,-5.2199,-2.883
-0.45821,-0.19516,-3.126
-11.16,-0.55084,-2.491
-5.4426,-5.9362,-2.729
5.7827,-5.2184,2.999
1.1512,0.066468,2.693
10.899,0.59538,3.012
-5.6505,-5.6392,2.95
-2.8313,-5.497,11.609
-9.1054,-0.48578,12.394
2.8404,-0.082731,11.449
-2.9288,5.4772,11.71
2.5258,-0.20789,6.1107
2.8256,-4.4392,11.672
-3.4111,-0.091924,11.194
8.7314,0.043841,10.806
3.0441,5.4525,11.021
-3.3595,0.68377,6.0387
0.48154,-8.6755,11.569
-6.7338,-3.078,11.595
5.9673,-2.7811,11.879
0.22769,2.8044,11.945
-0.30406,-2.8482,11.967
-6.8363,2.7591,11.596
5.7756,3.0349,11.494
-0.84782,8.6005,11.664
4.7588,3.1806,6.0987
-0.39103,-5.1866,8.7037
-7.0392,-0.30618,9.0727
5.2156,0.19516,8.7977
-1.1087,6.3767,8.6207
5.6625,-5.2199,8.6267
-0.45821,-0.19516,8.3837
-11.16,-0.55084,9.0187
-5.4426,-5.9362,8.7807
-8.8146,11.572,-11.795
-8.8294,7.2158,-11.572
-2.9237,11.699,-12.438
-8.7417,5.6446,-6.2033
-3.2327,12.22,-6.4293
-11.173,2.9795,-11.675
-5.6877,8.874,-11.365
-11.072,2.7066,-6.4043
-6.0512,8.9532,-5.8543
-11.959,8.8068,-11.277
-12.343,8.5303,-6.1763
-12.189,5.5081,-8.9273
-6.3178,11.951,-8.7343
-5.8723,6.4366,-8.7353
-10.504,11.721,-9.0413
-0.75568,12.25,-8.7223
-8.8146,11.572,-0.28562
-9.1292,11.447,-5.6236
-8.8294,7.2158,-0.062623
-2.9237,11.699,-0.92862
-8.7417,5.6446,5.3064
-3.2327,12.22,5.0804
-11.173,2.9795,-0.16562
-5.6877,8.874,0.14438
-11.072,2.7066,5.1054
-6.0512,8.9532,5.6554
-11.959,8.8068,0.23238
-12.343,8.5303,5.3334
-12.046,6.4684,-3.0306
-6.4394,11.85,-2.9366
-12.189,5.5081,2.5824
-6.3178,11.951,2.7754
-5.9925,6.4352,-3.1076
-12.113,11.46,-3.3506
-5.8723,6.4366,2.7744
-10.504,11.721,2.4684
-0.75568,12.25,2.7874
-8.8146,11.572,11.224
-9.1292,11.447,5.886
-8.8294,7.2158,11.447
-2.9237,11.699,10.581
-11.173,2.9795,11.344
-5.6877,8.874,11.654
-11.959,8.8068,11.742
-12.046,6.4684,8.479
-6.4394,11.85,8.573
-5.9925,6.4352,8.402
-12.113,11.46,8.159
12.519,-0.90442,-2.0386
12.519,-0.90442,9.471
9.1925,5.8044,-11.183
2.9183,10.816,-10.398
9.0433,5.0881,-5.6609
3.0209,10.61,-6.2129
8.6127,11.21,-11.598
12.505,2.6259,-11.223
5.29,8.2234,-11.197
12.607,2.353,-5.9519
6.7813,8.3514,-5.5349
11.72,8.4532,-10.825
11.336,8.1767,-5.7239
11.49,5.1546,-8.4749
5.8663,11.103,-8.1839
6.3733,5.6623,-8.3319
9.1925,5.8044,0.32675
2.9183,10.816,1.1118
9.0433,5.0881,5.8488
3.0209,10.61,5.2968
8.6127,11.21,-0.088248
8.6643,11.985,-5.2432
12.505,2.6259,0.28675
5.29,8.2234,0.31275
12.607,2.353,5.5578
6.7813,8.3514,5.9748
11.72,8.4532,0.68475
11.336,8.1767,5.7858
11.633,6.1148,-2.5782
4.9845,10.995,-2.2092
11.49,5.1546,3.0348
5.8663,11.103,3.3258
11.566,11.106,-2.8982
0.86349,10.751,-2.2632
6.5812,5.3653,-2.5012
6.3733,5.6623,3.1778
9.1925,5.8044,11.836
2.9183,10.816,12.621
8.6127,11.21,11.421
8.6643,11.985,6.2664
12.505,2.6259,11.796
5.29,8.2234,11.822
11.72,8.4532,12.194
11.633,6.1148,8.9314
4.9845,10.995,9.3004
11.566,11.106,8.6114
0.86349,10.751,9.2464
6.5812,5.3653,9.0084
0.71924,10.857,9.0424
6.7176,5.5795,8.7634
0.50994,10.985,8.8674
6.6879,5.6785,8.5884
0,0,0
5.6356,0.13576,0.079
-0.023335,-5.7127,-0.116
0.3882,-0.07566,5.701
0.3882,-0.07566,-5.8087
-0.31254,5.8379,-0.207
-6.3654,-0.57417,-0.059
-0.35709,5.5077,5.54
5.362,-5.7339,-0.259
-0.35709,5.5077,-5.9697
-5.8372,-0.12374,5.672
5.973,5.5435,0.29575
5.8895,-0.047376,-5.7177
-0.031113,-5.9807,-5.6897
-5.8372,-0.12374,-5.8377
5.8895,-0.047376,5.792
-0.031113,-5.9807,5.82
-6.0507,-5.758,0.068
-6.293,5.9211,-0.48362
5.4108,5.9411,5.654
5.7092,-5.6116,-5.7217
5.7092,-5.6116,5.788
5.4108,5.9411,-5.8557
-6.613,-5.3603,5.4262
-5.9458,6.0434,5.5634
-5.9458,6.0434,-5.9463
-6.613,-5.3603,-6.0834
-0.53398,-11.127,-0.24675
11.49,0.17466,-0.019
0,0,-11.51
0,0,11.51
-0.16524,11.83,-0.24362
5.6584,10.727,0.16875
-12.189,0.52824,-0.47138
0.46822,10.893,-5.7459
0.46822,10.893,5.7638
-0.31254,5.8379,11.303
5.6356,0.13576,-11.431
-0.023335,-5.7127,11.394
11.342,-5.8171,0.017623
-11.556,-0.40871,5.536
-6.3881,-11.166,-0.14875
5.6356,0.13576,11.589
-0.023335,-5.7127,-11.626
-11.556,-0.40871,-5.9737
-0.31254,5.8379,-11.717
-11.678,5.9423,-0.34062
-6.3654,-0.57417,11.451
-6.3654,-0.57417,-11.569
12,5.5887,0.11175
-6.0194,11.791,-0.14562
5.2896,-12.229,0.16562
12.123,-0.7623,-5.5213
0.099482,-12.064,-5.749
0.099482,-12.064,5.7606
-12.336,-5.4636,-0.43475
12.123,-0.7623,5.9884
5.362,-5.7339,11.251
5.973,5.5435,-11.214
6.1866,11.178,-5.6099
-6.293,5.9211,11.026
-6.1343,-11.349,5.5642
6.1866,11.178,5.8998
11.298,-6.1474,-5.745
11.298,-6.1474,5.7646
-5.7655,11.608,5.5674
-11.686,5.6743,5.5954
5.362,-5.7339,-11.769
-6.0507,-5.758,-11.442
-6.1343,-11.349,-5.9454
11.993,5.3207,-5.4619
-5.7655,11.608,-5.9423
-11.686,5.6743,-5.9143
-6.0507,-5.758,11.578
5.8179,-11.779,-5.613
5.973,5.5435,11.805
5.8179,-11.779,5.8966
11.993,5.3207,6.0478
-12.381,-5.7938,5.3122
-6.293,5.9211,-11.993
-12.381,-5.7938,-6.1974
-0.53398,-11.127,11.263
-0.53398,-11.127,-11.756
11.49,0.17466,11.491
11.49,0.17466,-11.529
-0.16524,11.83,11.266
-12.189,0.52824,11.038
11.655,-11.655,0.22462
-11.655,11.655,-0.22462
-12.024,-11.301,-0.22775
12.024,11.301,0.22775
5.6584,10.727,-11.341
-0.16524,11.83,-11.753
5.6584,10.727,11.678
-11.267,11.579,5.4764
-12.189,0.52824,-11.981
-6.3881,-11.166,11.361
11.342,-5.8171,-11.492
-11.636,-11.377,5.4732
11.342,-5.8171,11.527
-11.678,5.9423,11.169
-11.267,11.579,-6.0333
-11.636,-11.377,-6.0364
-6.3881,-11.166,-11.658
-6.0194,11.791,11.364
-12.336,-5.4636,11.075
12,5.5887,-11.398
5.2896,-12.229,-11.344
12,5.5887,11.621
-6.0194,11.791,-11.655
12.412,11.226,-5.5809
-11.678,5.9423,-11.85
12.043,-11.731,-5.584
5.2896,-12.229,11.675
12.412,11.226,5.9288
12.043,-11.731,5.9256
-12.336,-5.4636,-11.944
11.655,-11.655,-11.285
-11.655,11.655,11.285
-12.024,-11.301,11.282
12.024,11.301,-11.282
11.655,-11.655,11.734
-11.655,11.655,-11.734
-12.024,-11.301,-11.737
12.024,11.301,11.737
