-8.7004,-8.3471,-9.3874
-3.356,-8.473,-9.4984
-9.2356,-7.8727,-3.4608
-8.7004,-8.3471,2.1222
-2.7897,-8.7269,-2.7038
-3.356,-8.473,2.0112
-9.2356,-7.8727,8.0489
-2.7897,-8.7269,8.8059
9.3018,-8.1761,-9.161
8.9793,-7.8579,-2.4104
9.3018,-8.1761,2.3486
8.9793,-7.8579,9.0993
2.7252,-8.4146,-8.3187
-2.4862,-2.3278,-8.9827
9.1401,-1.9247,-8.3697
3.3234,2.9543,-9.1597
2.6587,-1.9658,-8.6457
-2.3533,3.479,-9.3857
8.6677,2.8284,-9.2707
-8.2647,-3.1707,-8.7017
3.3793,-8.1027,-3.118
-3.5136,-2.9423,-2.228
9.1549,-2.2847,-3.4
2.7881,3.4288,-3.233
2.7252,-8.4146,3.191
-2.4862,-2.3278,2.527
9.1401,-1.9247,3.14
3.3234,2.9543,2.35
2.221,-3.2378,-3.213
-2.6757,3.7972,-2.635
9.2341,2.5746,-2.476
-7.8552,-2.7344,-2.322
2.6587,-1.9658,2.864
-2.3533,3.479,2.124
8.6677,2.8284,2.239
-8.2647,-3.1707,2.808
3.3793,-8.1027,8.3917
-3.5136,-2.9423,9.2817
9.1549,-2.2847,8.1097
2.7881,3.4288,8.2767
2.221,-3.2378,8.2967
-2.6757,3.7972,8.8747
9.2341,2.5746,9.0337
-7.8552,-2.7344,9.1877
-8.9298,3.2405,-8.5433
-2.515,9.7303,-8.5943
-8.9963,9.6893,-8.8703
-8.2758,3.5523,-3.3426
-2.5001,9.3704,-3.6246
-8.9298,3.2405,2.9664
-2.515,9.7303,2.9154
-9.434,8.4172,-3.4376
-8.9963,9.6893,2.6394
-8.2758,3.5523,8.167
-2.5001,9.3704,7.885
-9.434,8.4172,8.072
9.5376,8.9736,-8.7549
3.7591,8.1308,-8.4739
8.5101,8.3592,-2.0002
9.5376,8.9736,2.7548
4.1685,8.5671,-2.0942
3.7591,8.1308,3.0358
8.5101,8.3592,9.5094
4.1685,8.5671,9.4154
-10.087,-8.0311,-8.9234
-3.955,-7.7468,-2.8978
-9.8805,-9.1964,-3.5998
-10.087,-8.0311,2.5862
-3.955,-7.7468,8.6119
-9.8805,-9.1964,7.9099
8.6314,-8.9015,-8.017
3.5148,-8.4504,-8.925
9.2707,-3.7397,-8.269
8.7651,-8.8612,-3.4664
8.6314,-8.9015,3.4926
3.5155,-9.8554,-2.7034
3.5148,-8.4504,2.5846
9.2707,-3.7397,3.2406
8.7651,-8.8612,8.0433
3.5155,-9.8554,8.8063
-2.1814,-8.4832,-8.0697
-9.0637,-1.9247,-8.8687
4.0581,-2.5152,-8.6347
-3.0236,2.7535,-8.2417
-3.416,-3.4358,-8.6477
-8.1402,3.2046,-9.1497
1.9368,3.2704,-8.6957
-2.3844,7.9154,-8.4937
8.0688,3.5546,-2.67
-8.5334,-3.1099,-3.588
3.0667,-2.0527,-2.926
-2.8899,2.7938,-3.691
-2.1814,-8.4832,3.44
-9.0637,-1.9247,2.641
4.0581,-2.5152,2.875
-3.0236,2.7535,3.268
-3.2534,-4.0157,-3.281
-8.1395,1.7996,-2.928
2.1432,2.1051,-3.372
8.3608,-2.8298,-2.252
-3.416,-3.4358,2.862
-8.1402,3.2046,2.36
1.9368,3.2704,2.814
-2.3844,7.9154,3.016
8.0688,3.5546,8.8397
-8.5334,-3.1099,7.9217
3.0667,-2.0527,8.5837
-2.8899,2.7938,7.8187
-3.2534,-4.0157,8.2287
-8.1395,1.7996,8.5817
2.1432,2.1051,8.1377
8.3608,-2.8298,9.2577
-7.5969,9.1398,-8.8593
-8.5883,9.6023,-3.1506
-7.5969,9.1398,2.6504
-3.2942,8.8252,-2.4766
-8.5883,9.6023,8.359
-3.2942,8.8252,9.033
9.8423,2.8183,-7.8419
2.9601,9.3767,-8.6409
8.6077,7.8656,-8.4199
3.4904,8.1916,-3.3602
9.8423,2.8183,3.6678
2.9601,9.3767,2.8688
8.7704,7.2858,-3.0532
8.6077,7.8656,3.0898
3.4904,8.1916,8.1494
8.7704,7.2858,8.4564
-9.3021,-11.226,-12.451
-3.303,-11.377,-12.16
-9.2781,-5.1249,-11.866
-3.0067,-10.76,-6.2004
-8.909,-5.2493,-6.0024
-11.144,-8.1675,-11.895
-11.983,-8.4143,-5.9724
-5.6662,-8.1852,-11.996
-11.795,-2.4329,-11.379
-11.419,-2.6118,-6.4364
-6.0013,-11.373,-9.1364
-12.105,-5.3568,-9.2684
-11.862,-10.671,-8.9534
-0.30841,-10.982,-8.8084
-6.2651,-5.151,-9.2454
-9.3021,-11.226,-0.94175
-9.2795,-11.503,-5.7988
-3.303,-11.377,-0.65075
-9.2781,-5.1249,-0.35675
-3.0067,-10.76,5.3092
-8.909,-5.2493,5.5072
-11.144,-8.1675,-0.38575
-11.983,-8.4143,5.5372
-5.6662,-8.1852,-0.48675
-11.795,-2.4329,0.13025
-6.8202,-8.2644,-5.7758
-11.419,-2.6118,5.0732
-5.9108,-11.9,-3.3618
-11.619,-4.3145,-3.4788
-6.0013,-11.373,2.3732
-12.105,-5.3568,2.2412
-12.958,-11.472,-3.2508
-11.862,-10.671,2.5562
-0.30841,-10.982,2.7012
-6.2651,-5.151,2.2642
-9.3021,-11.226,10.568
-9.2795,-11.503,5.7109
-3.303,-11.377,10.859
-9.2781,-5.1249,11.153
-11.144,-8.1675,11.124
-5.6662,-8.1852,11.023
-11.795,-2.4329,11.64
-6.8202,-8.2644,5.7339
-5.9108,-11.9,8.1479
-11.619,-4.3145,8.0309
-12.958,-11.472,8.2589
-11.963,0.6732,-9.033
-11.963,0.6732,2.4766
3.1506,-11.035,-10.936
8.9482,-5.1496,-11.564
3.1181,-11.663,-5.529
8.8506,-5.7365,-5.539
8.9454,-11.521,-11.139
8.9843,-11.589,-6.085
12.535,-8.5211,-11.443
11.695,-8.7679,-5.52
6.1785,-8.7453,-11.802
11.884,-2.7865,-10.927
12.26,-2.9654,-5.984
5.7189,-10.785,-8.193
11.574,-5.7104,-8.816
6.2223,-6.0484,-8.59
11.817,-11.025,-8.501
3.1506,-11.035,0.57362
8.9482,-5.1496,-0.054377
3.1181,-11.663,5.9806
8.8506,-5.7365,5.9706
8.9454,-11.521,0.37062
8.9843,-11.589,5.4246
12.535,-8.5211,0.066623
11.695,-8.7679,5.9896
6.1785,-8.7453,-0.29238
11.884,-2.7865,0.58262
6.1311,-8.9086,-4.7224
12.26,-2.9654,5.5256
5.9359,-11.867,-2.4064
12.06,-4.6681,-3.0264
5.7189,-10.785,3.3166
11.574,-5.7104,2.6936
10.721,-11.825,-2.7984
1.0873,-11.984,-2.7374
6.2223,-6.0484,2.9196
11.817,-11.025,3.0086
3.1506,-11.035,12.083
8.9482,-5.1496,11.455
8.9454,-11.521,11.88
12.535,-8.5211,11.576
6.1785,-8.7453,11.217
11.884,-2.7865,12.092
6.1311,-8.9086,6.7873
5.9359,-11.867,9.1033
12.06,-4.6681,8.4833
10.721,-11.825,8.7113
1.0873,-11.984,8.7723
-2.6573,-5.6823,-11.52
-8.5044,0.62013,-11.161
2.7217,0.07566,-12.224
-2.7068,6.5054,-11.789
-2.8383,-6.0769,-5.7567
-8.5369,-0.0077782,-5.7537
-2.8044,5.9185,-5.7637
3.6048,-5.8011,-11.302
-2.7096,0.13435,-11.364
8.7207,-0.07566,-11.933
2.7457,6.1766,-11.639
3.5992,-4.8366,-6.5007
-2.6707,0.065761,-6.3097
9.017,0.54164,-5.9727
3.1148,6.0521,-5.7747
0.15627,-8.6048,-11.087
-5.4772,-2.8327,-10.985
5.647,-2.5385,-11.659
0.87964,3.1339,-11.668
-5.024,-3.0158,-5.9487
6.4113,-2.9366,-6.2757
0.040305,2.8871,-5.7447
-0.08556,-2.9027,-11.572
-5.4765,2.9097,-12.027
6.3576,3.1162,-11.769
0.2291,8.8685,-11.152
-0.24537,-3.095,-5.6907
0.60458,8.6896,-6.2087
-0.69296,-5.688,-8.3947
-5.9362,0.87045,-8.4177
6.0224,-0.071418,-8.9087
-0.081317,5.9446,-9.0407
-5.4327,5.6066,-8.8147
0.16193,0.63003,-8.7257
11.715,0.31961,-8.5807
5.7587,6.1504,-9.0177
-2.6573,-5.6823,-0.01
-8.5044,0.62013,0.349
2.7217,0.07566,-0.714
-2.7068,6.5054,-0.279
-2.8383,-6.0769,5.753
-8.5369,-0.0077782,5.756
2.7443,-0.20153,-5.571
-2.8044,5.9185,5.746
3.6048,-5.8011,0.208
-2.7096,0.13435,0.146
8.7207,-0.07566,-0.423
2.7457,6.1766,-0.129
3.5992,-4.8366,5.009
-2.6707,0.065761,5.2
9.017,0.54164,5.537
3.1148,6.0521,5.735
0.15627,-8.6048,0.423
-5.4772,-2.8327,0.525
5.647,-2.5385,-0.149
0.87964,3.1339,-0.158
0.3083,-8.6168,-5.471
-5.024,-3.0158,5.561
6.4113,-2.9366,5.234
0.040305,2.8871,5.765
-0.08556,-2.9027,-0.062
-5.4765,2.9097,-0.517
6.3576,3.1162,-0.259
0.2291,8.8685,0.358
-0.24537,-3.095,5.819
-5.5239,2.7464,-4.947
5.2036,3.037,-5.548
0.60458,8.6896,5.301
-0.53174,-6.1575,-3.023
-5.7191,-0.21213,-2.631
6.1129,-0.59892,-3.134
0.40517,6.9869,-3.251
-0.69296,-5.688,3.115
-5.9362,0.87045,3.092
6.0224,-0.071418,2.601
-0.081317,5.9446,2.469
5.9241,-4.7334,-3.123
-0.93409,-0.17041,-3.023
-10.568,-0.3288,-2.962
-5.9531,-5.5812,-3.105
-5.4327,5.6066,2.695
0.16193,0.63003,2.784
11.715,0.31961,2.929
5.7587,6.1504,2.492
-2.6573,-5.6823,11.5
-8.5044,0.62013,11.859
2.7217,0.07566,10.796
-2.7068,6.5054,11.231
2.7443,-0.20153,5.9387
3.6048,-5.8011,11.718
-2.7096,0.13435,11.656
8.7207,-0.07566,11.087
2.7457,6.1766,11.381
0.15627,-8.6048,11.933
-5.4772,-2.8327,12.035
5.647,-2.5385,11.361
0.87964,3.1339,11.352
0.3083,-8.6168,6.0387
-0.08556,-2.9027,11.448
-5.4765,2.9097,10.993
6.3576,3.1162,11.251
0.2291,8.8685,11.868
-5.5239,2.7464,6.5627
5.2036,3.037,5.9617
-0.53174,-6.1575,8.4867
-5.7191,-0.21213,8.8787
6.1129,-0.59892,8.3757
0.40517,6.9869,8.2587
5.9241,-4.7334,8.3867
-0.93409,-0.17041,8.4867
-10.568,-0.3288,8.5477
-5.9531,-5.5812,8.4047
-8.9334,11.731,-12.448
-8.0502,5.8539,-11.526
-2.9343,11.579,-12.157
-8.0558,6.8184,-6.7253
-2.638,12.197,-6.1973
-11.499,3.0502,-11.311
-6.0081,9.1165,-11.883
-5.2437,8.7184,-6.5003
-11.741,8.7523,-11.796
-11.9,8.56,-5.9153
-12.348,5.9671,-8.6193
-5.6326,11.584,-9.1333
-11.493,12.285,-8.9503
0.060324,11.975,-8.8053
-8.9334,11.731,-0.93862
-8.9107,11.453,-5.7956
-8.0502,5.8539,-0.016623
-2.9343,11.579,-0.64762
-8.0558,6.8184,4.7844
-2.638,12.197,5.3124
-11.499,3.0502,0.19838
-6.0081,9.1165,-0.37362
-11.347,3.0382,-5.6956
-5.2437,8.7184,5.0094
-11.741,8.7523,-0.28662
-11.9,8.56,5.5944
-12.187,5.4975,-3.2476
-5.5421,11.056,-3.3586
-12.348,5.9671,2.8904
-5.6326,11.584,2.3764
-5.7309,6.9216,-3.3476
-12.589,11.485,-3.2476
-11.493,12.285,2.5594
0.060324,11.975,2.7044
-8.9334,11.731,10.571
-8.9107,11.453,5.714
-8.0502,5.8539,11.493
-2.9343,11.579,10.862
-11.499,3.0502,11.708
-6.0081,9.1165,11.136
-11.347,3.0382,5.814
-11.741,8.7523,11.223
-12.187,5.4975,8.262
-5.5421,11.056,8.151
-5.7309,6.9216,8.162
-12.589,11.485,8.262
9.3665,5.6191,-11.292
3.5194,11.922,-10.933
9.1854,5.2246,-5.5289
3.4869,11.294,-5.5259
9.3141,11.436,-11.136
9.353,11.367,-6.0819
12.18,2.6966,-10.859
6.5465,8.4688,-10.757
6.9998,8.2856,-5.7209
11.938,8.3988,-11.344
11.778,8.2064,-5.4629
11.331,5.6135,-8.1669
6.0876,12.172,-8.1899
12.186,11.931,-8.4979
9.3665,5.6191,0.21775
3.5194,11.922,0.57675
9.1854,5.2246,5.9808
3.4869,11.294,5.9838
9.3141,11.436,0.37375
9.353,11.367,5.4278
12.18,2.6966,0.65075
6.5465,8.4688,0.75275
12.332,2.6846,-5.2432
6.9998,8.2856,5.7888
11.938,8.3988,0.16575
11.778,8.2064,6.0468
11.492,5.1439,-2.7952
6.3047,11.089,-2.4032
11.331,5.6135,3.3428
6.0876,12.172,3.3198
11.09,11.131,-2.7952
1.456,10.973,-2.7342
6.0706,5.7202,-2.8772
12.186,11.931,3.0118
9.3665,5.6191,11.727
3.5194,11.922,12.086
9.3141,11.436,11.883
12.18,2.6966,12.16
6.5465,8.4688,12.262
12.332,2.6846,6.2664
11.938,8.3988,11.675
11.492,5.1439,8.7144
6.3047,11.089,9.1064
11.09,11.131,8.7144
1.456,10.973,8.7754
6.0706,5.7202,8.6324
1.2984,10.866,8.9484
6.2149,5.6509,8.6884
0,0,0
-0.26799,-0.23122,-5.615
-5.6272,0.16829,-0.042
5.7283,0.19163,-0.155
0.17748,5.8782,-0.527
-0.26799,-0.23122,5.8947
-0.082024,-5.9949,-0.264
-5.7594,-0.15344,5.51
0.82873,-5.6385,-5.7457
0.82873,-5.6385,5.764
6.103,-5.5416,-0.294
0.36062,6.009,5.644
5.5501,6.12,-0.179
-5.552,6.1134,-0.51862
-6.4737,-5.1814,-0.40675
-5.7594,-0.15344,-5.9997
0.36062,6.009,-5.8657
6.2013,-0.33093,5.718
6.2013,-0.33093,-5.7917
-5.78,-5.6969,5.0972
-5.5607,5.7403,5.508
6.2438,5.6045,5.325
-5.5607,5.7403,-6.0017
6.0943,-5.9147,5.7326
6.0943,-5.9147,-5.777
-5.78,-5.6969,-6.4124
6.2438,5.6045,-6.1847
-0.087681,11.434,-0.221
0,0,-11.51
0,0,11.51
-0.45642,-11.523,-0.22413
11.567,-0.2211,0.003623
-12.111,0.13248,-0.44875
0.17748,5.8782,10.983
0.052326,-11.285,-5.539
5.7283,0.19163,11.355
-0.082024,-5.9949,11.246
0.052326,-11.285,5.9707
-5.6272,0.16829,11.468
-6.2955,-11.11,-0.38275
-5.6272,0.16829,-11.552
0.42106,11.671,-5.5359
-11.603,0.3696,5.746
-11.603,0.3696,-5.7636
6.0279,-11.487,0.18262
5.7283,0.19163,-11.665
-11.737,5.6602,-0.48862
-11.846,-5.4233,-0.75475
11.942,5.3066,-0.036248
0.42106,11.671,5.9738
6.3966,11.47,0.18575
11.833,-5.7768,-0.30238
12.076,0.016008,-5.3112
-0.082024,-5.9949,-11.774
-5.9267,11.847,-0.37962
0.17748,5.8782,-12.037
-10.826,6.0166,5.5394
12.076,0.016008,6.1984
-5.4537,11.324,5.4934
-5.552,6.1134,10.991
-10.826,6.0166,-5.9703
-6.4737,-5.1814,11.103
-11.663,-5.2924,5.4162
6.103,-5.5416,11.216
-5.4537,11.324,-6.0163
6.2644,11.148,5.7378
5.5501,6.12,11.331
6.2644,11.148,-5.7719
-5.8224,-11.632,5.4902
-11.663,-5.2924,-6.0934
5.5501,6.12,-11.689
-5.8224,-11.632,-6.0194
5.8956,-11.808,5.7346
6.103,-5.5416,-11.804
5.8956,-11.808,-5.775
12.016,-5.646,-5.641
12.016,-5.646,5.8686
-6.4737,-5.1814,-11.916
-5.552,6.1134,-12.028
12.852,5.663,-5.5179
12.852,5.663,5.9918
-0.087681,11.434,11.289
-0.45642,-11.523,11.286
11.567,-0.2211,-11.506
11.567,-0.2211,11.513
-0.087681,11.434,-11.731
-12.111,0.13248,11.061
-0.45642,-11.523,-11.734
11.655,-11.655,0.22462
-11.655,11.655,-0.22462
-12.024,-11.301,-0.22775
12.024,11.301,0.22775
-11.846,-5.4233,10.755
-6.2955,-11.11,11.127
-12.111,0.13248,-11.958
11.756,11.07,-5.3872
-11.737,5.6602,11.021
6.0279,-11.487,-11.327
11.756,11.07,6.1224
11.833,-5.7768,11.207
-5.9267,11.847,11.13
11.387,-11.886,-5.3904
6.3966,11.47,-11.324
11.942,5.3066,11.473
11.942,5.3066,-11.546
-6.2955,-11.11,-11.892
-11.923,11.424,5.67
6.0279,-11.487,11.692
-11.923,11.424,-5.8396
11.387,-11.886,6.1193
6.3966,11.47,11.695
11.833,-5.7768,-11.812
-11.737,5.6602,-11.998
-12.292,-11.533,5.6669
-5.9267,11.847,-11.889
-12.292,-11.533,-5.8428
-11.846,-5.4233,-12.264
11.655,-11.655,-11.285
-11.655,11.655,11.285
-12.024,-11.301,11.282
12.024,11.301,-11.282
11.655,-11.655,11.734
-11.655,11.655,-11.734
-12.024,-11.301,-11.737
12.024,11.301,11.737
