-8.7244,-8.4023,-9.3664
-3.2457,-9.0274,-8.7824
-8.6926,-7.587,-3.6308
-8.7244,-8.4023,2.1432
-3.2457,-9.0274,2.7272
-8.6926,-7.587,7.8789
9.1526,-8.379,-8.771
9.3279,-2.5298,-2.8404
8.3889,-8.6067,-2.5554
9.1526,-8.379,2.7386
9.3279,-2.5298,8.6693
8.3889,-8.6067,8.9543
3.1268,-8.6918,-8.5267
-2.0937,-2.9182,-9.0307
8.8148,-2.6799,-9.5417
3.2994,2.8991,-9.1387
2.6806,-3.0427,-9.3387
-2.5025,3.276,-8.9957
8.778,2.2741,-8.5547
-8.1925,-3.1014,-8.8617
2.6191,-7.9776,-2.957
-2.8313,-2.5767,-2.422
-2.3271,9.1252,-3.065
3.3312,3.7144,-3.403
3.1268,-8.6918,2.983
-2.0937,-2.9182,2.479
8.8148,-2.6799,1.968
3.2994,2.8991,2.371
2.7238,-3.7505,-3.105
-3.2661,3.0483,-2.78
-2.419,-8.8353,-2.576
-8.5192,-3.0335,-3.184
2.6806,-3.0427,2.171
-2.5025,3.276,2.514
8.778,2.2741,2.955
-8.1925,-3.1014,2.648
2.6191,-7.9776,8.5527
-2.8313,-2.5767,9.0877
-2.3271,9.1252,8.4447
3.3312,3.7144,8.1067
2.7238,-3.7505,8.4047
-3.2661,3.0483,8.7297
-2.419,-8.8353,8.9337
-8.5192,-3.0335,8.3257
-8.5282,2.9633,-8.7513
-2.8402,8.9751,-9.7663
-8.9744,8.6123,-9.5633
-9.0359,3.6774,-3.1816
-8.5282,2.9633,2.7584
-2.8402,8.9751,1.7434
-8.9312,7.9045,-3.3296
-8.9744,8.6123,1.9464
-9.0359,3.6774,8.328
-8.9312,7.9045,8.18
9.93,8.3832,-8.8029
3.8312,8.2001,-8.6339
9.1925,8.7247,-2.1942
9.93,8.3832,2.7068
9.6047,2.4661,-2.3482
3.5045,8.2679,-2.9562
3.8312,8.2001,2.8758
9.1925,8.7247,9.3154
9.6047,2.4661,9.1614
3.5045,8.2679,8.5534
-8.7421,-8.9489,-7.9794
-4.2088,-8.3797,-3.2398
-9.7165,-2.9441,-4.6688
-9.387,-8.857,-3.2008
-8.7421,-8.9489,3.5302
-4.2088,-8.3797,8.2699
-9.7165,-2.9441,6.8409
-9.387,-8.857,8.3089
9.142,-9.3739,-7.631
3.7177,-8.2814,-9.126
9.2056,-4.1781,-8.616
8.5289,-9.936,-3.2444
9.142,-9.3739,3.8786
2.7815,-9.7423,-2.5654
3.7177,-8.2814,2.3836
9.2056,-4.1781,2.8936
8.5289,-9.936,8.2653
2.7815,-9.7423,8.9443
-1.5365,-8.8834,-8.0667
-9.0552,-2.0209,-9.4127
3.8686,-3.6409,-8.6527
-2.5131,2.2811,-7.8557
-2.885,-4.1663,-8.7547
-7.9373,3.3736,-9.3507
3.2817,2.3525,-7.7517
-2.4494,7.4769,-8.8407
7.8149,2.9218,-3.012
2.3073,8.3573,-4.441
3.8148,-2.716,-3.121
-3.1261,1.719,-3.469
-1.5365,-8.8834,3.443
-9.0552,-2.0209,2.097
3.8686,-3.6409,2.857
-2.5131,2.2811,3.654
-2.844,-3.6501,-3.461
-8.8735,1.9127,-2.79
2.6368,2.4445,-2.973
8.4846,-2.931,-2.573
-2.885,-4.1663,2.755
-7.9373,3.3736,2.159
3.2817,2.3525,3.758
-2.4494,7.4769,2.669
7.8149,2.9218,8.4977
2.3073,8.3573,7.0687
3.8148,-2.716,8.3887
-3.1261,1.719,8.0407
-2.844,-3.6501,8.0487
-8.8735,1.9127,8.7197
2.6368,2.4445,8.5367
8.4846,-2.931,8.9367
-7.7864,8.0141,-8.8773
-7.8402,8.939,-3.3456
-7.7864,8.0141,2.6324
-3.1704,8.7241,-2.7976
-7.8402,8.939,8.164
-3.1704,8.7241,8.712
10.487,2.418,-7.8389
2.9685,9.2805,-9.1849
9.1388,7.1352,-8.5269
10.487,2.418,3.6708
2.9685,9.2805,2.3248
9.1798,7.6513,-3.2332
9.1388,7.1352,2.9828
9.1798,7.6513,8.2764
-8.8665,-11.483,-12.382
-2.8547,-11.083,-11.845
-9.1975,-5.5307,-12.164
-8.5476,-5.7436,-6.5094
-12.455,-8.0968,-12.982
-6.6229,-8.3768,-12.567
-12.223,-2.481,-11.315
-12.246,-2.662,-7.0304
-6.9078,-11.366,-9.1664
-11.251,-5.7839,-8.9394
-11.349,-10.582,-8.7634
-5.5127,-6.1452,-9.0284
-8.8665,-11.483,-0.87275
-9.225,-11.96,-5.6928
-2.8547,-11.083,-0.33575
-9.1975,-5.5307,-0.65475
-3.2196,-10.626,-5.5258
-8.5476,-5.7436,5.0002
-12.455,-8.0968,-1.4728
-12.3,-8.6823,-5.7678
-6.6229,-8.3768,-1.0578
-12.223,-2.481,0.19425
-6.0501,-8.3273,-5.9128
-12.246,-2.662,4.4792
-5.8055,-11.99,-3.5828
-11.966,-5.168,-3.4988
-6.9078,-11.366,2.3432
-11.251,-5.7839,2.5702
-12.229,-11.048,-3.2928
-11.349,-10.582,2.7462
-5.5127,-6.1452,2.4812
-8.8665,-11.483,10.637
-9.225,-11.96,5.8169
-2.8547,-11.083,11.174
-9.1975,-5.5307,10.855
-3.2196,-10.626,5.9839
-12.455,-8.0968,10.037
-12.3,-8.6823,5.7419
-6.6229,-8.3768,10.452
-12.223,-2.481,11.704
-6.0501,-8.3273,5.5969
-5.8055,-11.99,7.9269
-11.966,-5.168,8.0109
-12.229,-11.048,8.2169
3.0821,-11.802,-11.634
8.5621,-5.7818,-11.844
3.1407,-12.306,-5.911
9.1321,-5.9953,-5.947
9.0253,-11.47,-11.501
11.224,-8.4504,-12.53
5.5294,-8.6293,-12.232
11.456,-2.8346,-10.863
11.433,-3.0156,-6.578
6.0788,-10.528,-8.75
12.428,-6.1375,-8.487
6.0668,-5.972,-8.815
12.33,-10.935,-8.311
3.0821,-11.802,-0.12438
8.5621,-5.7818,-0.33438
3.1407,-12.306,5.5986
9.1321,-5.9953,5.5626
9.0253,-11.47,0.008623
8.6477,-12.118,-5.4494
11.224,-8.4504,-1.0204
11.379,-9.0359,-5.3154
5.5294,-8.6293,-0.72238
11.456,-2.8346,0.64662
5.6446,-9.0868,-5.4954
11.433,-3.0156,4.9316
6.0448,-11.55,-2.6334
11.713,-5.5216,-3.0464
6.0788,-10.528,2.7596
12.428,-6.1375,3.0226
11.45,-11.402,-2.8404
0.4693,-12.113,-2.8734
6.0668,-5.972,2.6946
12.33,-10.935,3.1986
3.0821,-11.802,11.385
8.5621,-5.7818,11.175
9.0253,-11.47,11.518
8.6477,-12.118,6.0603
11.224,-8.4504,10.489
11.379,-9.0359,6.1943
5.5294,-8.6293,10.787
11.456,-2.8346,12.156
5.6446,-9.0868,6.0143
6.0448,-11.55,8.8763
11.713,-5.5216,8.4633
11.45,-11.402,8.6693
0.4693,-12.113,8.6363
-2.9161,-6.0528,-11.762
-8.573,-0.14708,-11.859
3.1572,-0.18173,-12.155
-3.0929,5.8732,-12.069
-2.3603,-6.5478,-5.9597
-8.5143,-0.65125,-6.1357
-2.523,5.6597,-6.1717
3.0236,-5.7078,-11.16
-2.6297,0.18455,-11.726
9.1691,0.2185,-11.618
2.8263,5.7707,-11.937
3.7682,-5.741,-6.4517
3.4761,5.5579,-6.2817
0.64912,-8.5376,-11.546
-5.4398,-2.774,-11.344
5.5727,-2.7839,-11.395
-0.43134,3.2046,-12.755
-5.3139,-3.1544,-6.2757
6.6956,-3.1431,-6.5747
0.14566,-2.8779,-11.765
-6.1257,3.0257,-12.457
5.4009,2.9246,-12.34
-0.1994,8.8204,-11.088
-0.38749,-3.3545,-5.8577
-0.22203,8.6394,-6.8027
-0.25102,-6.1002,-9.3397
-5.5762,1.1271,-8.9747
5.1159,-0.064347,-8.9387
0.77287,5.5176,-8.7117
-5.5883,5.683,-9.0397
0.67458,0.71983,-8.5357
0.71276,-10.902,-8.6867
6.511,5.1562,-8.8007
-2.9161,-6.0528,-0.252
-8.573,-0.14708,-0.349
3.1572,-0.18173,-0.645
-3.0929,5.8732,-0.559
-2.3603,-6.5478,5.55
-8.5143,-0.65125,5.374
2.7987,-0.65902,-5.465
-2.523,5.6597,5.338
3.0236,-5.7078,0.35
-2.6297,0.18455,-0.216
9.1691,0.2185,-0.108
2.8263,5.7707,-0.427
3.7682,-5.741,5.058
-3.0073,-0.46315,-5.674
8.8042,0.67529,-5.298
3.4761,5.5579,5.228
0.64912,-8.5376,-0.036
-5.4398,-2.774,0.166
5.5727,-2.7839,0.115
-0.43134,3.2046,-1.245
0.34648,-8.8954,-5.458
-5.3139,-3.1544,5.234
6.6956,-3.1431,4.935
-0.27577,2.6191,-5.54
0.14566,-2.8779,-0.255
-6.1257,3.0257,-0.947
5.4009,2.9246,-0.83
-0.1994,8.8204,0.422
-0.38749,-3.3545,5.652
-6.0104,2.5682,-5.72
5.9736,2.9741,-5.685
-0.22203,8.6394,4.707
-0.00070711,-5.205,-3.453
-5.6102,0.10465,-2.858
6.2183,-0.68872,-3.355
0.057983,6.1334,-3.271
-0.25102,-6.1002,2.17
-5.5762,1.1271,2.535
5.1159,-0.064347,2.571
0.77287,5.5176,2.798
6.1433,-4.9342,-3.265
-0.20506,0.25314,-3.065
-11.186,-0.4575,-3.098
-5.2637,-5.4673,-2.953
-5.5883,5.683,2.47
0.67458,0.71983,2.974
0.71276,-10.902,2.823
6.511,5.1562,2.709
-2.9161,-6.0528,11.258
-8.573,-0.14708,11.161
3.1572,-0.18173,10.865
-3.0929,5.8732,10.951
2.7987,-0.65902,6.0447
3.0236,-5.7078,11.86
-2.6297,0.18455,11.294
9.1691,0.2185,11.402
2.8263,5.7707,11.083
-3.0073,-0.46315,5.8357
8.8042,0.67529,6.2117
0.64912,-8.5376,11.474
-5.4398,-2.774,11.676
5.5727,-2.7839,11.625
-0.43134,3.2046,10.265
0.34648,-8.8954,6.0517
-0.27577,2.6191,5.9697
0.14566,-2.8779,11.255
-6.1257,3.0257,10.563
5.4009,2.9246,10.68
-0.1994,8.8204,11.932
-6.0104,2.5682,5.7897
5.9736,2.9741,5.8247
-0.00070711,-5.205,8.0567
-5.6102,0.10465,8.6517
6.2183,-0.68872,8.1547
0.057983,6.1334,8.2387
6.1433,-4.9342,8.2447
-0.20506,0.25314,8.4447
-11.186,-0.4575,8.4117
-5.2637,-5.4673,8.5567
-8.4978,11.473,-12.379
-8.6314,5.9473,-11.384
-2.486,11.874,-11.842
-7.8868,5.914,-6.6763
-11.006,3.1174,-11.77
-6.0823,8.8711,-11.619
-4.9594,8.5119,-6.7993
-11.509,8.7771,-11.989
-12.043,8.3005,-6.0823
-11.906,5.5548,-9.5643
-6.5391,11.591,-9.1633
-10.98,12.375,-8.7603
-10.942,0.75285,-8.9113
-8.4978,11.473,-0.86962
-8.8563,10.996,-5.6896
-8.6314,5.9473,0.12538
-2.486,11.874,-0.33262
-7.8868,5.914,4.8334
-2.8508,12.33,-5.5226
-11.006,3.1174,-0.26062
-6.0823,8.8711,-0.10962
-11.309,2.7596,-5.6826
-4.9594,8.5119,4.7104
-11.509,8.7771,-0.47962
-12.043,8.3005,5.4274
-11.656,6.45,-3.6776
-5.4367,10.966,-3.5796
-11.906,5.5548,1.9454
-6.5391,11.591,2.3464
-5.5117,6.7208,-3.4896
-11.86,11.908,-3.2896
-10.98,12.375,2.7494
-10.942,0.75285,2.5984
-8.4978,11.473,10.64
-8.8563,10.996,5.82
-8.6314,5.9473,11.635
-2.486,11.874,11.177
-2.8508,12.33,5.987
-11.006,3.1174,11.249
-6.0823,8.8711,11.4
-11.309,2.7596,5.827
-11.509,8.7771,11.03
-11.656,6.45,7.832
-5.4367,10.966,7.93
-5.5117,6.7208,8.02
-11.86,11.908,8.22
12.493,-0.81109,-2.6456
12.493,-0.81109,8.864
9.1077,5.2486,-11.534
3.4508,11.154,-11.631
9.6634,4.7536,-5.7319
3.5095,10.65,-5.9079
9.394,11.486,-11.498
12.673,2.7638,-11.318
6.584,8.5275,-11.116
6.7099,8.147,-6.0479
12.169,8.4235,-11.537
11.636,7.9469,-5.6299
11.773,5.2012,-9.1119
6.4475,12.429,-8.7469
12.698,12.021,-8.3079
12.737,0.39926,-8.4589
9.1077,5.2486,-0.024248
3.4508,11.154,-0.12125
9.6634,4.7536,5.7778
3.5095,10.65,5.6018
9.394,11.486,0.011752
9.0164,10.838,-5.4462
12.673,2.7638,0.19175
6.584,8.5275,0.39375
12.37,2.406,-5.2302
6.7099,8.147,5.4618
12.169,8.4235,-0.027248
11.636,7.9469,5.8798
12.023,6.0964,-3.2252
6.4136,11.406,-2.6302
11.773,5.2012,2.3978
6.4475,12.429,2.7628
11.819,11.555,-2.8372
0.83804,10.844,-2.8702
6.7601,5.8341,-2.7252
12.698,12.021,3.2018
12.737,0.39926,3.0508
9.1077,5.2486,11.485
3.4508,11.154,11.388
9.394,11.486,11.521
9.0164,10.838,6.0634
12.673,2.7638,11.701
6.584,8.5275,11.903
12.37,2.406,6.2794
12.169,8.4235,11.482
12.023,6.0964,8.2844
6.4136,11.406,8.8794
11.819,11.555,8.6724
0.83804,10.844,8.6394
6.7601,5.8341,8.7844
1.0815,12.054,-8.6835
1.0815,12.054,2.8261
0,0,0
-0.20365,5.647,-0.424
-5.6703,0.10253,0.098
-0.20011,-5.6646,-0.33
-0.060104,-0.37689,-5.709
-0.060104,-0.37689,5.8007
5.905,-0.0021213,-0.105
0.16971,5.8068,5.467
5.7219,5.7219,-0.348
-5.811,-0.32668,-5.667
-5.4254,6.0364,-0.48462
0.34507,-6.0585,5.5
-5.811,-0.32668,5.8427
0.16971,5.8068,-6.0427
6.2296,-5.6187,-0.26
-6.3019,-5.5795,-0.57575
0.34507,-6.0585,-6.0097
6.5238,0.28567,5.608
6.5238,0.28567,-5.9017
-5.5699,5.4582,5.733
-5.5699,5.4582,-5.7767
-5.9568,-5.7026,5.3442
6.067,5.5989,5.572
6.067,5.5989,-5.9377
-5.9568,-5.7026,-6.1654
6.0851,-6.1969,-5.552
6.0851,-6.1969,5.9576
0.28355,-11.138,-0.213
-11.371,0.51738,-0.43762
0,0,-11.51
0,0,11.51
0.65229,11.819,-0.20987
12.307,0.16379,0.014752
-0.20365,5.647,11.086
-0.5057,-11.186,5.6049
-0.20011,-5.6646,11.18
-0.5057,-11.186,-5.9048
-5.6703,0.10253,-11.412
11.518,0.11526,-5.677
5.905,-0.0021213,11.405
-6.1187,-11.304,-0.33275
11.518,0.11526,5.8327
-5.6703,0.10253,11.608
11.451,-6.0081,-0.19938
-5.75,11.653,-0.32962
5.9847,-11.552,0.32262
5.905,-0.0021213,-11.615
-0.13696,11.77,5.608
6.3535,11.404,0.32575
11.824,5.6368,-0.10225
-0.20011,-5.6646,-11.84
-0.13696,11.77,-5.9016
-0.20365,5.647,-11.934
-11.855,5.9904,-0.55462
-12.161,0.46885,5.3803
-5.5,-11.016,5.3802
-12.227,-5.6545,-0.65175
-12.161,0.46885,-6.1294
-11.31,5.5965,5.2754
-5.4254,6.0364,11.025
6.2128,10.975,-5.4392
-5.5,-11.016,-6.1294
5.7219,5.7219,11.162
-6.3019,-5.5795,10.934
6.2128,10.975,6.0704
6.2296,-5.6187,11.25
-5.1313,11.941,5.3834
-11.31,5.5965,-6.2343
-11.854,-5.4947,5.2392
5.7219,5.7219,-11.858
11.825,-5.8483,5.6916
-5.1313,11.941,-6.1263
5.844,-11.982,-5.4424
11.825,-5.8483,-5.818
6.2296,-5.6187,-11.77
-5.4254,6.0364,-11.994
-11.854,-5.4947,-6.2704
12.369,5.2429,5.7278
12.369,5.2429,-5.7819
5.844,-11.982,6.0673
-6.3019,-5.5795,-12.085
0.28355,-11.138,11.297
-11.371,0.51738,11.072
0.28355,-11.138,-11.723
0.65229,11.819,11.3
11.655,-11.655,0.22462
-11.655,11.655,-0.22462
-11.371,0.51738,-11.947
-12.024,-11.301,-0.22775
12.024,11.301,0.22775
0.65229,11.819,-11.72
12.307,0.16379,-11.495
12.307,0.16379,11.524
-6.1187,-11.304,11.177
11.964,10.925,-5.4812
-5.75,11.653,11.18
5.9847,-11.552,-11.187
11.451,-6.0081,11.31
6.3535,11.404,-11.184
-11.715,11.278,5.576
-11.855,5.9904,10.955
11.964,10.925,6.0284
-12.227,-5.6545,10.858
-11.715,11.278,-5.9336
11.824,5.6368,11.407
11.451,-6.0081,-11.709
-6.1187,-11.304,-11.842
11.824,5.6368,-11.612
-5.75,11.653,-11.839
5.9847,-11.552,11.832
11.595,-12.032,-5.4844
6.3535,11.404,11.835
-12.084,-11.678,5.5729
11.595,-12.032,6.0253
-12.084,-11.678,-5.9368
-11.855,5.9904,-12.064
-12.227,-5.6545,-12.161
11.655,-11.655,-11.285
-11.655,11.655,11.285
-12.024,-11.301,11.282
12.024,11.301,-11.282
11.655,-11.655,11.734
-11.655,11.655,-11.734
-12.024,-11.301,-11.737
12.024,11.301,11.737
